state_code,county_code,site_number,parameter_code,poc,latitude,longitude,datum,parameter,sample_duration_code,sample_duration,pollutant_standard,date_local,units_of_measure,event_type,observation_count,observation_percent,validity_indicator,arithmetic_mean,first_max_value,first_max_hour,aqi,method_code,method,local_site_name,site_address,state,county,city,cbsa_code,cbsa,date_of_last_change
37,119,0041,44201,1,35.2401,-80.785683,WGS84,Ozone,W,8-HR RUN AVG BEGIN HOUR,Ozone 8-hour 2015,2012-01-01,Parts per million,No Events,17,100.0,Y,0.030588,0.034,10,31.0,047,INSTRUMENTAL - ULTRA VIOLET,Garinger High School,1130 EASTWAY DRIVE,North Carolina,Mecklenburg,Charlotte,16740,"Charlotte-Concord-Gastonia, NC-SC",2024-06-03
37,119,0041,44201,1,35.2401,-80.785683,WGS84,Ozone,W,8-HR RUN AVG BEGIN HOUR,Ozone 8-hour 2015,2012-01-02,Parts per million,No Events,17,100.0,Y,0.029765,0.034,9,31.0,047,INSTRUMENTAL - ULTRA VIOLET,Garinger High School,1130 EASTWAY DRIVE,North Carolina,Mecklenburg,Charlotte,16740,"Charlotte-Concord-Gastonia, NC-SC",2024-06-03
37,119,0041,44201,1,35.2401,-80.785683,WGS84,Ozone,W,8-HR RUN AVG BEGIN HOUR,Ozone 8-hour 2015,2012-01-03,Parts per million,No Events,17,100.0,Y,0.018118,0.028,9,26.0,047,INSTRUMENTAL - ULTRA VIOLET,Garinger High School,1130 EASTWAY DRIVE,North Carolina,Mecklenburg,Charlotte,16740,"Charlotte-Concord-Gastonia, NC-SC",2024-06-03
37,119,0041,44201,1,35.2401,-80.785683,WGS84,Ozone,W,8-HR RUN AVG BEGIN HOUR,Ozone 8-hour 2015,2012-01-04,Parts per million,No Events,17,100.0,Y,0.019235,0.027,10,25.0,047,INSTRUMENTAL - ULTRA VIOLET,Garinger High School,1130 EASTWAY DRIVE,North Carolina,Mecklenburg,Charlotte,16740,"Charlotte-Concord-Gastonia, NC-SC",2024-06-03
37,119,0041,44201,1,35.2401,-80.785683,WGS84,Ozone,W,8-HR RUN AVG BEGIN HOUR,Ozone 8-hour 2015,2012-01-05,Parts per million,No Events,17,100.0,Y,0.015706,0.032,10,30.0,047,INSTRUMENTAL - ULTRA VIOLET,Garinger High School,1130 EASTWAY DRIVE,North Carolina,Mecklenburg,Charlotte,16740,"Charlotte-Concord-Gastonia, NC-SC",2024-06-03
37,119,0041,44201,1,35.2401,-80.785683,WGS84,Ozone,W,8-HR RUN AVG BEGIN HOUR,Ozone 8-hour 2015,2012-01-06,Parts per million,No Events,17,100.0,Y,0.021176,0.029,11,27.0,047,INSTRUMENTAL - ULTRA VIOLET,Garinger High School,1130 EASTWAY DRIVE,North Carolina,Mecklenburg,Charlotte,16740,"Charlotte-Concord-Gastonia, NC-SC",2024-06-03
37,119,0041,44201,1,35.2401,-80.785683,WGS84,Ozone,W,8-HR RUN AVG BEGIN HOUR,Ozone 8-hour 2015,2012-01-07,Parts per million,No Events,17,100.0,Y,0.028294,0.039,10,36.0,047,INSTRUMENTAL - ULTRA VIOLET,Garinger High School,1130 EASTWAY DRIVE,North Carolina,Mecklenburg,Charlotte,16740,"Charlotte-Concord-Gastonia, NC-SC",2024-06-03
37,119,0041,44201,1,35.2401,-80.785683,WGS84,Ozone,W,8-HR RUN AVG BEGIN HOUR,Ozone 8-hour 2015,2012-01-08,Parts per million,No Events,17,100.0,Y,0.017412,0.026,10,24.0,047,INSTRUMENTAL - ULTRA VIOLET,Garinger High School,1130 EASTWAY DRIVE,North Carolina,Mecklenburg,Charlotte,16740,"Charlotte-Concord-Gastonia, NC-SC",2024-06-03
37,119,0041,44201,1,35.2401,-80.785683,WGS84,Ozone,W,8-HR RUN AVG BEGIN HOUR,Ozone 8-hour 2015,2012-01-09,Parts per million,No Events,17,100.0,Y,0.004471,0.013,7,12.0,047,INSTRUMENTAL - ULTRA VIOLET,Garinger High School,1130 EASTWAY DRIVE,North Carolina,Mecklenburg,Charlotte,16740,"Charlotte-Concord-Gastonia, NC-SC",2024-06-03
37,119,0041,44201,1,35.2401,-80.785683,WGS84,Ozone,W,8-HR RUN AVG BEGIN HOUR,Ozone 8-hour 2015,2012-01-10,Parts per million,No Events,17,100.0,Y,0.010882,0.016,9,15.0,047,INSTRUMENTAL - ULTRA VIOLET,Garinger High School,1130 EASTWAY DRIVE,North Carolina,Mecklenburg,Charlotte,16740,"Charlotte-Concord-Gastonia, NC-SC",2024-06-03
37,119,0041,44201,1,35.2401,-80.785683,WGS84,Ozone,W,8-HR RUN AVG BEGIN HOUR,Ozone 8-hour 2015,2012-01-11,Parts per million,No Events,17,100.0,Y,0.021294,0.026,16,24.0,047,INSTRUMENTAL - ULTRA VIOLET,Garinger High School,1130 EASTWAY DRIVE,North Carolina,Mecklenburg,Charlotte,16740,"Charlotte-Concord-Gastonia, NC-SC",2024-06-03
37,119,0041,44201,1,35.2401,-80.785683,WGS84,Ozone,W,8-HR RUN AVG BEGIN HOUR,Ozone 8-hour 2015,2012-01-12,Parts per million,No Events,17,100.0,Y,0.025882,0.03,14,28.0,047,INSTRUMENTAL - ULTRA VIOLET,Garinger High School,1130 EASTWAY DRIVE,North Carolina,Mecklenburg,Charlotte,16740,"Charlotte-Concord-Gastonia, NC-SC",2024-06-03
37,119,0041,44201,1,35.2401,-80.785683,WGS84,Ozone,W,8-HR RUN AVG BEGIN HOUR,Ozone 8-hour 2015,2012-01-16,Parts per million,No Events,11,65.0,N,0.019364,0.022,23,20.0,047,INSTRUMENTAL - ULTRA VIOLET,Garinger High School,1130 EASTWAY DRIVE,North Carolina,Mecklenburg,Charlotte,16740,"Charlotte-Concord-Gastonia, NC-SC",2024-06-03
37,119,0041,44201,1,35.2401,-80.785683,WGS84,Ozone,W,8-HR RUN AVG BEGIN HOUR,Ozone 8-hour 2015,2012-01-13,Parts per million,No Events,17,100.0,Y,0.016412,0.026,7,24.0,047,INSTRUMENTAL - ULTRA VIOLET,Garinger High School,1130 EASTWAY DRIVE,North Carolina,Mecklenburg,Charlotte,16740,"Charlotte-Concord-Gastonia, NC-SC",2024-06-03
37,119,0041,44201,1,35.2401,-80.785683,WGS84,Ozone,W,8-HR RUN AVG BEGIN HOUR,Ozone 8-hour 2015,2012-01-14,Parts per million,No Events,17,100.0,Y,0.024588,0.031,10,29.0,047,INSTRUMENTAL - ULTRA VIOLET,Garinger High School,1130 EASTWAY DRIVE,North Carolina,Mecklenburg,Charlotte,16740,"Charlotte-Concord-Gastonia, NC-SC",2024-06-03
37,119,0041,44201,1,35.2401,-80.785683,WGS84,Ozone,W,8-HR RUN AVG BEGIN HOUR,Ozone 8-hour 2015,2012-01-15,Parts per million,No Events,17,100.0,Y,0.023,0.033,9,31.0,047,INSTRUMENTAL - ULTRA VIOLET,Garinger High School,1130 EASTWAY DRIVE,North Carolina,Mecklenburg,Charlotte,16740,"Charlotte-Concord-Gastonia, NC-SC",2024-06-03
37,119,0041,44201,1,35.2401,-80.785683,WGS84,Ozone,W,8-HR RUN AVG BEGIN HOUR,Ozone 8-hour 2015,2012-01-17,Parts per million,No Events,17,100.0,Y,0.030824,0.036,12,33.0,047,INSTRUMENTAL - ULTRA VIOLET,Garinger High School,1130 EASTWAY DRIVE,North Carolina,Mecklenburg,Charlotte,16740,"Charlotte-Concord-Gastonia, NC-SC",2024-06-03
37,119,0041,44201,1,35.2401,-80.785683,WGS84,Ozone,W,8-HR RUN AVG BEGIN HOUR,Ozone 8-hour 2015,2012-01-18,Parts per million,No Events,17,100.0,Y,0.022118,0.03,9,28.0,047,INSTRUMENTAL - ULTRA VIOLET,Garinger High School,1130 EASTWAY DRIVE,North Carolina,Mecklenburg,Charlotte,16740,"Charlotte-Concord-Gastonia, NC-SC",2024-06-03
37,119,0041,44201,1,35.2401,-80.785683,WGS84,Ozone,W,8-HR RUN AVG BEGIN HOUR,Ozone 8-hour 2015,2012-01-19,Parts per million,No Events,2,12.0,N,0.0205,0.022,8,20.0,047,INSTRUMENTAL - ULTRA VIOLET,Garinger High School,1130 EASTWAY DRIVE,North Carolina,Mecklenburg,Charlotte,16740,"Charlotte-Concord-Gastonia, NC-SC",2024-06-03
37,119,0041,44201,1,35.2401,-80.785683,WGS84,Ozone,W,8-HR RUN AVG BEGIN HOUR,Ozone 8-hour 2015,2012-01-23,Parts per million,No Events,9,53.0,N,0.000333,0.002,23,2.0,047,INSTRUMENTAL - ULTRA VIOLET,Garinger High School,1130 EASTWAY DRIVE,North Carolina,Mecklenburg,Charlotte,16740,"Charlotte-Concord-Gastonia, NC-SC",2024-06-03
37,119,0041,44201,1,35.2401,-80.785683,WGS84,Ozone,W,8-HR RUN AVG BEGIN HOUR,Ozone 8-hour 2015,2012-01-24,Parts per million,No Events,17,100.0,Y,0.006824,0.014,10,13.0,047,INSTRUMENTAL - ULTRA VIOLET,Garinger High School,1130 EASTWAY DRIVE,North Carolina,Mecklenburg,Charlotte,16740,"Charlotte-Concord-Gastonia, NC-SC",2024-06-03
37,119,0041,44201,1,35.2401,-80.785683,WGS84,Ozone,W,8-HR RUN AVG BEGIN HOUR,Ozone 8-hour 2015,2012-01-25,Parts per million,No Events,15,88.0,Y,0.0126,0.031,9,29.0,047,INSTRUMENTAL - ULTRA VIOLET,Garinger High School,1130 EASTWAY DRIVE,North Carolina,Mecklenburg,Charlotte,16740,"Charlotte-Concord-Gastonia, NC-SC",2024-06-03
37,119,0041,44201,1,35.2401,-80.785683,WGS84,Ozone,W,8-HR RUN AVG BEGIN HOUR,Ozone 8-hour 2015,2012-01-26,Parts per million,No Events,17,100.0,Y,0.020882,0.028,23,26.0,047,INSTRUMENTAL - ULTRA VIOLET,Garinger High School,1130 EASTWAY DRIVE,North Carolina,Mecklenburg,Charlotte,16740,"Charlotte-Concord-Gastonia, NC-SC",2024-06-03
37,119,0041,44201,1,35.2401,-80.785683,WGS84,Ozone,W,8-HR RUN AVG BEGIN HOUR,Ozone 8-hour 2015,2012-01-27,Parts per million,No Events,17,100.0,Y,0.023824,0.035,10,32.0,047,INSTRUMENTAL - ULTRA VIOLET,Garinger High School,1130 EASTWAY DRIVE,North Carolina,Mecklenburg,Charlotte,16740,"Charlotte-Concord-Gastonia, NC-SC",2024-06-03
37,119,0041,44201,1,35.2401,-80.785683,WGS84,Ozone,W,8-HR RUN AVG BEGIN HOUR,Ozone 8-hour 2015,2012-01-28,Parts per million,No Events,17,100.0,Y,0.028882,0.034,12,31.0,047,INSTRUMENTAL - ULTRA VIOLET,Garinger High School,1130 EASTWAY DRIVE,North Carolina,Mecklenburg,Charlotte,16740,"Charlotte-Concord-Gastonia, NC-SC",2024-06-03
37,119,0041,44201,1,35.2401,-80.785683,WGS84,Ozone,W,8-HR RUN AVG BEGIN HOUR,Ozone 8-hour 2015,2012-01-31,Parts per million,No Events,17,100.0,Y,0.038059,0.045,11,42.0,047,INSTRUMENTAL - ULTRA VIOLET,Garinger High School,1130 EASTWAY DRIVE,North Carolina,Mecklenburg,Charlotte,16740,"Charlotte-Concord-Gastonia, NC-SC",2024-06-03
37,119,0041,44201,1,35.2401,-80.785683,WGS84,Ozone,W,8-HR RUN AVG BEGIN HOUR,Ozone 8-hour 2015,2012-01-29,Parts per million,No Events,17,100.0,Y,0.020882,0.035,10,32.0,047,INSTRUMENTAL - ULTRA VIOLET,Garinger High School,1130 EASTWAY DRIVE,North Carolina,Mecklenburg,Charlotte,16740,"Charlotte-Concord-Gastonia, NC-SC",2024-06-03
37,119,0041,44201,1,35.2401,-80.785683,WGS84,Ozone,W,8-HR RUN AVG BEGIN HOUR,Ozone 8-hour 2015,2012-01-30,Parts per million,No Events,17,100.0,Y,0.026765,0.037,11,34.0,047,INSTRUMENTAL - ULTRA VIOLET,Garinger High School,1130 EASTWAY DRIVE,North Carolina,Mecklenburg,Charlotte,16740,"Charlotte-Concord-Gastonia, NC-SC",2024-06-03
37,119,0041,44201,1,35.2401,-80.785683,WGS84,Ozone,W,8-HR RUN AVG BEGIN HOUR,Ozone 8-hour 2015,2012-02-01,Parts per million,No Events,17,100.0,Y,0.025353,0.04,10,37.0,047,INSTRUMENTAL - ULTRA VIOLET,Garinger High School,1130 EASTWAY DRIVE,North Carolina,Mecklenburg,Charlotte,16740,"Charlotte-Concord-Gastonia, NC-SC",2024-06-03
37,119,0041,44201,1,35.2401,-80.785683,WGS84,Ozone,W,8-HR RUN AVG BEGIN HOUR,Ozone 8-hour 2015,2012-02-02,Parts per million,No Events,17,100.0,Y,0.031706,0.038,11,35.0,047,INSTRUMENTAL - ULTRA VIOLET,Garinger High School,1130 EASTWAY DRIVE,North Carolina,Mecklenburg,Charlotte,16740,"Charlotte-Concord-Gastonia, NC-SC",2024-06-03
37,119,0041,44201,1,35.2401,-80.785683,WGS84,Ozone,W,8-HR RUN AVG BEGIN HOUR,Ozone 8-hour 2015,2012-02-03,Parts per million,No Events,17,100.0,Y,0.022294,0.034,10,31.0,047,INSTRUMENTAL - ULTRA VIOLET,Garinger High School,1130 EASTWAY DRIVE,North Carolina,Mecklenburg,Charlotte,16740,"Charlotte-Concord-Gastonia, NC-SC",2024-06-03
37,119,0041,44201,1,35.2401,-80.785683,WGS84,Ozone,W,8-HR RUN AVG BEGIN HOUR,Ozone 8-hour 2015,2012-02-04,Parts per million,No Events,17,100.0,Y,0.011118,0.016,9,15.0,047,INSTRUMENTAL - ULTRA VIOLET,Garinger High School,1130 EASTWAY DRIVE,North Carolina,Mecklenburg,Charlotte,16740,"Charlotte-Concord-Gastonia, NC-SC",2024-06-03
37,119,0041,44201,1,35.2401,-80.785683,WGS84,Ozone,W,8-HR RUN AVG BEGIN HOUR,Ozone 8-hour 2015,2012-02-05,Parts per million,No Events,17,100.0,Y,0.016529,0.023,19,21.0,047,INSTRUMENTAL - ULTRA VIOLET,Garinger High School,1130 EASTWAY DRIVE,North Carolina,Mecklenburg,Charlotte,16740,"Charlotte-Concord-Gastonia, NC-SC",2024-06-03
37,119,0041,44201,1,35.2401,-80.785683,WGS84,Ozone,W,8-HR RUN AVG BEGIN HOUR,Ozone 8-hour 2015,2012-02-06,Parts per million,No Events,17,100.0,Y,0.011059,0.023,8,21.0,047,INSTRUMENTAL - ULTRA VIOLET,Garinger High School,1130 EASTWAY DRIVE,North Carolina,Mecklenburg,Charlotte,16740,"Charlotte-Concord-Gastonia, NC-SC",2024-06-03
37,119,0041,44201,1,35.2401,-80.785683,WGS84,Ozone,W,8-HR RUN AVG BEGIN HOUR,Ozone 8-hour 2015,2012-02-07,Parts per million,No Events,17,100.0,Y,0.015353,0.032,10,30.0,047,INSTRUMENTAL - ULTRA VIOLET,Garinger High School,1130 EASTWAY DRIVE,North Carolina,Mecklenburg,Charlotte,16740,"Charlotte-Concord-Gastonia, NC-SC",2024-06-03
37,119,0041,44201,1,35.2401,-80.785683,WGS84,Ozone,W,8-HR RUN AVG BEGIN HOUR,Ozone 8-hour 2015,2012-02-08,Parts per million,No Events,17,100.0,Y,0.011294,0.017,11,16.0,047,INSTRUMENTAL - ULTRA VIOLET,Garinger High School,1130 EASTWAY DRIVE,North Carolina,Mecklenburg,Charlotte,16740,"Charlotte-Concord-Gastonia, NC-SC",2024-06-03
37,119,0041,44201,1,35.2401,-80.785683,WGS84,Ozone,W,8-HR RUN AVG BEGIN HOUR,Ozone 8-hour 2015,2012-02-09,Parts per million,No Events,17,100.0,Y,0.013059,0.025,9,23.0,047,INSTRUMENTAL - ULTRA VIOLET,Garinger High School,1130 EASTWAY DRIVE,North Carolina,Mecklenburg,Charlotte,16740,"Charlotte-Concord-Gastonia, NC-SC",2024-06-03
37,119,0041,44201,1,35.2401,-80.785683,WGS84,Ozone,W,8-HR RUN AVG BEGIN HOUR,Ozone 8-hour 2015,2012-02-10,Parts per million,No Events,17,100.0,Y,0.013941,0.02,9,19.0,047,INSTRUMENTAL - ULTRA VIOLET,Garinger High School,1130 EASTWAY DRIVE,North Carolina,Mecklenburg,Charlotte,16740,"Charlotte-Concord-Gastonia, NC-SC",2024-06-03
37,119,0041,44201,1,35.2401,-80.785683,WGS84,Ozone,W,8-HR RUN AVG BEGIN HOUR,Ozone 8-hour 2015,2012-02-11,Parts per million,No Events,17,100.0,Y,0.030353,0.033,13,31.0,047,INSTRUMENTAL - ULTRA VIOLET,Garinger High School,1130 EASTWAY DRIVE,North Carolina,Mecklenburg,Charlotte,16740,"Charlotte-Concord-Gastonia, NC-SC",2024-06-03
37,119,0041,44201,1,35.2401,-80.785683,WGS84,Ozone,W,8-HR RUN AVG BEGIN HOUR,Ozone 8-hour 2015,2012-02-12,Parts per million,No Events,17,100.0,Y,0.028471,0.036,10,33.0,047,INSTRUMENTAL - ULTRA VIOLET,Garinger High School,1130 EASTWAY DRIVE,North Carolina,Mecklenburg,Charlotte,16740,"Charlotte-Concord-Gastonia, NC-SC",2024-06-03
37,119,0041,44201,1,35.2401,-80.785683,WGS84,Ozone,W,8-HR RUN AVG BEGIN HOUR,Ozone 8-hour 2015,2012-02-13,Parts per million,No Events,17,100.0,Y,0.024647,0.034,11,31.0,047,INSTRUMENTAL - ULTRA VIOLET,Garinger High School,1130 EASTWAY DRIVE,North Carolina,Mecklenburg,Charlotte,16740,"Charlotte-Concord-Gastonia, NC-SC",2024-06-03
37,119,0041,44201,1,35.2401,-80.785683,WGS84,Ozone,W,8-HR RUN AVG BEGIN HOUR,Ozone 8-hour 2015,2012-02-14,Parts per million,No Events,17,100.0,Y,0.036588,0.044,9,41.0,047,INSTRUMENTAL - ULTRA VIOLET,Garinger High School,1130 EASTWAY DRIVE,North Carolina,Mecklenburg,Charlotte,16740,"Charlotte-Concord-Gastonia, NC-SC",2024-06-03
37,119,0041,44201,1,35.2401,-80.785683,WGS84,Ozone,W,8-HR RUN AVG BEGIN HOUR,Ozone 8-hour 2015,2012-02-15,Parts per million,No Events,17,100.0,Y,0.025706,0.038,11,35.0,047,INSTRUMENTAL - ULTRA VIOLET,Garinger High School,1130 EASTWAY DRIVE,North Carolina,Mecklenburg,Charlotte,16740,"Charlotte-Concord-Gastonia, NC-SC",2024-06-03
37,119,0041,44201,1,35.2401,-80.785683,WGS84,Ozone,W,8-HR RUN AVG BEGIN HOUR,Ozone 8-hour 2015,2012-02-16,Parts per million,No Events,17,100.0,Y,0.013059,0.021,7,19.0,047,INSTRUMENTAL - ULTRA VIOLET,Garinger High School,1130 EASTWAY DRIVE,North Carolina,Mecklenburg,Charlotte,16740,"Charlotte-Concord-Gastonia, NC-SC",2024-06-03
37,119,0041,44201,1,35.2401,-80.785683,WGS84,Ozone,W,8-HR RUN AVG BEGIN HOUR,Ozone 8-hour 2015,2012-02-17,Parts per million,No Events,17,100.0,Y,0.021471,0.034,10,31.0,047,INSTRUMENTAL - ULTRA VIOLET,Garinger High School,1130 EASTWAY DRIVE,North Carolina,Mecklenburg,Charlotte,16740,"Charlotte-Concord-Gastonia, NC-SC",2024-06-03
37,119,0041,44201,1,35.2401,-80.785683,WGS84,Ozone,W,8-HR RUN AVG BEGIN HOUR,Ozone 8-hour 2015,2012-02-18,Parts per million,No Events,17,100.0,Y,0.027235,0.046,10,43.0,047,INSTRUMENTAL - ULTRA VIOLET,Garinger High School,1130 EASTWAY DRIVE,North Carolina,Mecklenburg,Charlotte,16740,"Charlotte-Concord-Gastonia, NC-SC",2024-06-03
37,119,0041,44201,1,35.2401,-80.785683,WGS84,Ozone,W,8-HR RUN AVG BEGIN HOUR,Ozone 8-hour 2015,2012-02-19,Parts per million,No Events,17,100.0,Y,0.028,0.03,18,28.0,047,INSTRUMENTAL - ULTRA VIOLET,Garinger High School,1130 EASTWAY DRIVE,North Carolina,Mecklenburg,Charlotte,16740,"Charlotte-Concord-Gastonia, NC-SC",2024-06-03
37,119,0041,44201,1,35.2401,-80.785683,WGS84,Ozone,W,8-HR RUN AVG BEGIN HOUR,Ozone 8-hour 2015,2012-02-20,Parts per million,No Events,17,100.0,Y,0.021176,0.038,11,35.0,047,INSTRUMENTAL - ULTRA VIOLET,Garinger High School,1130 EASTWAY DRIVE,North Carolina,Mecklenburg,Charlotte,16740,"Charlotte-Concord-Gastonia, NC-SC",2024-06-03
37,119,0041,44201,1,35.2401,-80.785683,WGS84,Ozone,W,8-HR RUN AVG BEGIN HOUR,Ozone 8-hour 2015,2012-02-21,Parts per million,No Events,17,100.0,Y,0.032882,0.04,11,37.0,047,INSTRUMENTAL - ULTRA VIOLET,Garinger High School,1130 EASTWAY DRIVE,North Carolina,Mecklenburg,Charlotte,16740,"Charlotte-Concord-Gastonia, NC-SC",2024-06-03
37,119,0041,44201,1,35.2401,-80.785683,WGS84,Ozone,W,8-HR RUN AVG BEGIN HOUR,Ozone 8-hour 2015,2012-02-22,Parts per million,No Events,17,100.0,Y,0.035059,0.043,13,40.0,047,INSTRUMENTAL - ULTRA VIOLET,Garinger High School,1130 EASTWAY DRIVE,North Carolina,Mecklenburg,Charlotte,16740,"Charlotte-Concord-Gastonia, NC-SC",2024-06-03
37,119,0041,44201,1,35.2401,-80.785683,WGS84,Ozone,W,8-HR RUN AVG BEGIN HOUR,Ozone 8-hour 2015,2012-02-23,Parts per million,No Events,17,100.0,Y,0.033294,0.041,12,38.0,047,INSTRUMENTAL - ULTRA VIOLET,Garinger High School,1130 EASTWAY DRIVE,North Carolina,Mecklenburg,Charlotte,16740,"Charlotte-Concord-Gastonia, NC-SC",2024-06-03
37,119,0041,44201,1,35.2401,-80.785683,WGS84,Ozone,W,8-HR RUN AVG BEGIN HOUR,Ozone 8-hour 2015,2012-02-24,Parts per million,No Events,17,100.0,Y,0.029471,0.034,18,31.0,047,INSTRUMENTAL - ULTRA VIOLET,Garinger High School,1130 EASTWAY DRIVE,North Carolina,Mecklenburg,Charlotte,16740,"Charlotte-Concord-Gastonia, NC-SC",2024-06-03
37,119,0041,44201,1,35.2401,-80.785683,WGS84,Ozone,W,8-HR RUN AVG BEGIN HOUR,Ozone 8-hour 2015,2012-02-25,Parts per million,No Events,17,100.0,Y,0.032235,0.039,10,36.0,047,INSTRUMENTAL - ULTRA VIOLET,Garinger High School,1130 EASTWAY DRIVE,North Carolina,Mecklenburg,Charlotte,16740,"Charlotte-Concord-Gastonia, NC-SC",2024-06-03
37,119,0041,44201,1,35.2401,-80.785683,WGS84,Ozone,W,8-HR RUN AVG BEGIN HOUR,Ozone 8-hour 2015,2012-02-26,Parts per million,No Events,17,100.0,Y,0.030588,0.04,11,37.0,047,INSTRUMENTAL - ULTRA VIOLET,Garinger High School,1130 EASTWAY DRIVE,North Carolina,Mecklenburg,Charlotte,16740,"Charlotte-Concord-Gastonia, NC-SC",2024-06-03
37,119,0041,44201,1,35.2401,-80.785683,WGS84,Ozone,W,8-HR RUN AVG BEGIN HOUR,Ozone 8-hour 2015,2012-02-27,Parts per million,No Events,17,100.0,Y,0.012882,0.018,7,17.0,047,INSTRUMENTAL - ULTRA VIOLET,Garinger High School,1130 EASTWAY DRIVE,North Carolina,Mecklenburg,Charlotte,16740,"Charlotte-Concord-Gastonia, NC-SC",2024-06-03
37,119,0041,44201,1,35.2401,-80.785683,WGS84,Ozone,W,8-HR RUN AVG BEGIN HOUR,Ozone 8-hour 2015,2012-02-28,Parts per million,No Events,17,100.0,Y,0.040529,0.048,11,44.0,047,INSTRUMENTAL - ULTRA VIOLET,Garinger High School,1130 EASTWAY DRIVE,North Carolina,Mecklenburg,Charlotte,16740,"Charlotte-Concord-Gastonia, NC-SC",2024-06-03
37,119,0041,44201,1,35.2401,-80.785683,WGS84,Ozone,W,8-HR RUN AVG BEGIN HOUR,Ozone 8-hour 2015,2012-02-29,Parts per million,No Events,17,100.0,Y,0.023529,0.027,7,25.0,047,INSTRUMENTAL - ULTRA VIOLET,Garinger High School,1130 EASTWAY DRIVE,North Carolina,Mecklenburg,Charlotte,16740,"Charlotte-Concord-Gastonia, NC-SC",2024-06-03
37,119,0041,44201,1,35.2401,-80.785683,WGS84,Ozone,W,8-HR RUN AVG BEGIN HOUR,Ozone 8-hour 2015,2012-03-01,Parts per million,No Events,17,100.0,Y,0.032941,0.043,11,40.0,047,INSTRUMENTAL - ULTRA VIOLET,Garinger High School,1130 EASTWAY DRIVE,North Carolina,Mecklenburg,Charlotte,16740,"Charlotte-Concord-Gastonia, NC-SC",2024-06-03
37,119,0041,44201,1,35.2401,-80.785683,WGS84,Ozone,W,8-HR RUN AVG BEGIN HOUR,Ozone 8-hour 2015,2012-03-02,Parts per million,No Events,17,100.0,Y,0.013,0.024,23,22.0,047,INSTRUMENTAL - ULTRA VIOLET,Garinger High School,1130 EASTWAY DRIVE,North Carolina,Mecklenburg,Charlotte,16740,"Charlotte-Concord-Gastonia, NC-SC",2024-06-03
37,119,0041,44201,1,35.2401,-80.785683,WGS84,Ozone,W,8-HR RUN AVG BEGIN HOUR,Ozone 8-hour 2015,2012-03-03,Parts per million,No Events,17,100.0,Y,0.028412,0.035,23,32.0,047,INSTRUMENTAL - ULTRA VIOLET,Garinger High School,1130 EASTWAY DRIVE,North Carolina,Mecklenburg,Charlotte,16740,"Charlotte-Concord-Gastonia, NC-SC",2024-06-03
37,119,0041,44201,1,35.2401,-80.785683,WGS84,Ozone,W,8-HR RUN AVG BEGIN HOUR,Ozone 8-hour 2015,2012-03-04,Parts per million,No Events,17,100.0,Y,0.032588,0.042,10,39.0,047,INSTRUMENTAL - ULTRA VIOLET,Garinger High School,1130 EASTWAY DRIVE,North Carolina,Mecklenburg,Charlotte,16740,"Charlotte-Concord-Gastonia, NC-SC",2024-06-03
37,119,0041,44201,1,35.2401,-80.785683,WGS84,Ozone,W,8-HR RUN AVG BEGIN HOUR,Ozone 8-hour 2015,2012-03-05,Parts per million,No Events,17,100.0,Y,0.034,0.039,8,36.0,047,INSTRUMENTAL - ULTRA VIOLET,Garinger High School,1130 EASTWAY DRIVE,North Carolina,Mecklenburg,Charlotte,16740,"Charlotte-Concord-Gastonia, NC-SC",2024-06-03
37,119,0041,44201,1,35.2401,-80.785683,WGS84,Ozone,W,8-HR RUN AVG BEGIN HOUR,Ozone 8-hour 2015,2012-03-06,Parts per million,No Events,17,100.0,Y,0.035,0.043,10,40.0,047,INSTRUMENTAL - ULTRA VIOLET,Garinger High School,1130 EASTWAY DRIVE,North Carolina,Mecklenburg,Charlotte,16740,"Charlotte-Concord-Gastonia, NC-SC",2024-06-03
37,119,0041,44201,1,35.2401,-80.785683,WGS84,Ozone,W,8-HR RUN AVG BEGIN HOUR,Ozone 8-hour 2015,2012-03-07,Parts per million,No Events,17,100.0,Y,0.034,0.041,10,38.0,047,INSTRUMENTAL - ULTRA VIOLET,Garinger High School,1130 EASTWAY DRIVE,North Carolina,Mecklenburg,Charlotte,16740,"Charlotte-Concord-Gastonia, NC-SC",2024-06-03
37,119,0041,44201,1,35.2401,-80.785683,WGS84,Ozone,W,8-HR RUN AVG BEGIN HOUR,Ozone 8-hour 2015,2012-03-08,Parts per million,No Events,15,88.0,Y,0.0346,0.039,11,36.0,047,INSTRUMENTAL - ULTRA VIOLET,Garinger High School,1130 EASTWAY DRIVE,North Carolina,Mecklenburg,Charlotte,16740,"Charlotte-Concord-Gastonia, NC-SC",2024-06-03
37,119,0041,44201,1,35.2401,-80.785683,WGS84,Ozone,W,8-HR RUN AVG BEGIN HOUR,Ozone 8-hour 2015,2012-03-09,Parts per million,No Events,17,100.0,Y,0.033118,0.039,10,36.0,047,INSTRUMENTAL - ULTRA VIOLET,Garinger High School,1130 EASTWAY DRIVE,North Carolina,Mecklenburg,Charlotte,16740,"Charlotte-Concord-Gastonia, NC-SC",2024-06-03
37,119,0041,44201,1,35.2401,-80.785683,WGS84,Ozone,W,8-HR RUN AVG BEGIN HOUR,Ozone 8-hour 2015,2012-03-10,Parts per million,No Events,17,100.0,Y,0.039529,0.048,10,44.0,047,INSTRUMENTAL - ULTRA VIOLET,Garinger High School,1130 EASTWAY DRIVE,North Carolina,Mecklenburg,Charlotte,16740,"Charlotte-Concord-Gastonia, NC-SC",2024-06-03
37,119,0041,44201,1,35.2401,-80.785683,WGS84,Ozone,W,8-HR RUN AVG BEGIN HOUR,Ozone 8-hour 2015,2012-03-14,Parts per million,No Events,17,100.0,Y,0.041765,0.057,12,58.0,047,INSTRUMENTAL - ULTRA VIOLET,Garinger High School,1130 EASTWAY DRIVE,North Carolina,Mecklenburg,Charlotte,16740,"Charlotte-Concord-Gastonia, NC-SC",2024-06-03
37,119,0041,44201,1,35.2401,-80.785683,WGS84,Ozone,W,8-HR RUN AVG BEGIN HOUR,Ozone 8-hour 2015,2012-03-11,Parts per million,No Events,17,100.0,Y,0.036353,0.049,10,45.0,047,INSTRUMENTAL - ULTRA VIOLET,Garinger High School,1130 EASTWAY DRIVE,North Carolina,Mecklenburg,Charlotte,16740,"Charlotte-Concord-Gastonia, NC-SC",2024-06-03
37,119,0041,44201,1,35.2401,-80.785683,WGS84,Ozone,W,8-HR RUN AVG BEGIN HOUR,Ozone 8-hour 2015,2012-03-12,Parts per million,No Events,17,100.0,Y,0.037,0.045,11,42.0,047,INSTRUMENTAL - ULTRA VIOLET,Garinger High School,1130 EASTWAY DRIVE,North Carolina,Mecklenburg,Charlotte,16740,"Charlotte-Concord-Gastonia, NC-SC",2024-06-03
37,119,0041,44201,1,35.2401,-80.785683,WGS84,Ozone,W,8-HR RUN AVG BEGIN HOUR,Ozone 8-hour 2015,2012-03-13,Parts per million,No Events,17,100.0,Y,0.025706,0.034,10,31.0,047,INSTRUMENTAL - ULTRA VIOLET,Garinger High School,1130 EASTWAY DRIVE,North Carolina,Mecklenburg,Charlotte,16740,"Charlotte-Concord-Gastonia, NC-SC",2024-06-03
37,119,0041,44201,1,35.2401,-80.785683,WGS84,Ozone,W,8-HR RUN AVG BEGIN HOUR,Ozone 8-hour 2015,2012-03-15,Parts per million,No Events,17,100.0,Y,0.030412,0.048,10,44.0,047,INSTRUMENTAL - ULTRA VIOLET,Garinger High School,1130 EASTWAY DRIVE,North Carolina,Mecklenburg,Charlotte,16740,"Charlotte-Concord-Gastonia, NC-SC",2024-06-03
37,119,0041,44201,1,35.2401,-80.785683,WGS84,Ozone,W,8-HR RUN AVG BEGIN HOUR,Ozone 8-hour 2015,2012-03-16,Parts per million,No Events,17,100.0,Y,0.030353,0.045,11,42.0,047,INSTRUMENTAL - ULTRA VIOLET,Garinger High School,1130 EASTWAY DRIVE,North Carolina,Mecklenburg,Charlotte,16740,"Charlotte-Concord-Gastonia, NC-SC",2024-06-03
37,119,0041,44201,1,35.2401,-80.785683,WGS84,Ozone,W,8-HR RUN AVG BEGIN HOUR,Ozone 8-hour 2015,2012-03-17,Parts per million,No Events,17,100.0,Y,0.037059,0.049,11,45.0,047,INSTRUMENTAL - ULTRA VIOLET,Garinger High School,1130 EASTWAY DRIVE,North Carolina,Mecklenburg,Charlotte,16740,"Charlotte-Concord-Gastonia, NC-SC",2024-06-03
37,119,0041,44201,1,35.2401,-80.785683,WGS84,Ozone,W,8-HR RUN AVG BEGIN HOUR,Ozone 8-hour 2015,2012-03-18,Parts per million,No Events,17,100.0,Y,0.026647,0.041,11,38.0,047,INSTRUMENTAL - ULTRA VIOLET,Garinger High School,1130 EASTWAY DRIVE,North Carolina,Mecklenburg,Charlotte,16740,"Charlotte-Concord-Gastonia, NC-SC",2024-06-03
37,119,0041,44201,1,35.2401,-80.785683,WGS84,Ozone,W,8-HR RUN AVG BEGIN HOUR,Ozone 8-hour 2015,2012-03-19,Parts per million,No Events,17,100.0,Y,0.036882,0.049,11,45.0,047,INSTRUMENTAL - ULTRA VIOLET,Garinger High School,1130 EASTWAY DRIVE,North Carolina,Mecklenburg,Charlotte,16740,"Charlotte-Concord-Gastonia, NC-SC",2024-06-03
37,119,0041,44201,1,35.2401,-80.785683,WGS84,Ozone,W,8-HR RUN AVG BEGIN HOUR,Ozone 8-hour 2015,2012-03-20,Parts per million,No Events,17,100.0,Y,0.040412,0.051,11,47.0,047,INSTRUMENTAL - ULTRA VIOLET,Garinger High School,1130 EASTWAY DRIVE,North Carolina,Mecklenburg,Charlotte,16740,"Charlotte-Concord-Gastonia, NC-SC",2024-06-03
37,119,0041,44201,1,35.2401,-80.785683,WGS84,Ozone,W,8-HR RUN AVG BEGIN HOUR,Ozone 8-hour 2015,2012-03-21,Parts per million,No Events,13,76.0,Y,0.031923,0.043,11,40.0,047,INSTRUMENTAL - ULTRA VIOLET,Garinger High School,1130 EASTWAY DRIVE,North Carolina,Mecklenburg,Charlotte,16740,"Charlotte-Concord-Gastonia, NC-SC",2024-06-03
37,119,0041,44201,1,35.2401,-80.785683,WGS84,Ozone,W,8-HR RUN AVG BEGIN HOUR,Ozone 8-hour 2015,2012-03-22,Parts per million,No Events,17,100.0,Y,0.025176,0.043,11,40.0,047,INSTRUMENTAL - ULTRA VIOLET,Garinger High School,1130 EASTWAY DRIVE,North Carolina,Mecklenburg,Charlotte,16740,"Charlotte-Concord-Gastonia, NC-SC",2024-06-03
37,119,0041,44201,1,35.2401,-80.785683,WGS84,Ozone,W,8-HR RUN AVG BEGIN HOUR,Ozone 8-hour 2015,2012-03-23,Parts per million,No Events,17,100.0,Y,0.025412,0.038,9,35.0,047,INSTRUMENTAL - ULTRA VIOLET,Garinger High School,1130 EASTWAY DRIVE,North Carolina,Mecklenburg,Charlotte,16740,"Charlotte-Concord-Gastonia, NC-SC",2024-06-03
37,119,0041,44201,1,35.2401,-80.785683,WGS84,Ozone,W,8-HR RUN AVG BEGIN HOUR,Ozone 8-hour 2015,2012-03-27,Parts per million,No Events,17,100.0,Y,0.042471,0.05,11,46.0,047,INSTRUMENTAL - ULTRA VIOLET,Garinger High School,1130 EASTWAY DRIVE,North Carolina,Mecklenburg,Charlotte,16740,"Charlotte-Concord-Gastonia, NC-SC",2024-06-03
37,119,0041,44201,1,35.2401,-80.785683,WGS84,Ozone,W,8-HR RUN AVG BEGIN HOUR,Ozone 8-hour 2015,2012-03-24,Parts per million,No Events,17,100.0,Y,0.028353,0.036,10,33.0,047,INSTRUMENTAL - ULTRA VIOLET,Garinger High School,1130 EASTWAY DRIVE,North Carolina,Mecklenburg,Charlotte,16740,"Charlotte-Concord-Gastonia, NC-SC",2024-06-03
37,119,0041,44201,1,35.2401,-80.785683,WGS84,Ozone,W,8-HR RUN AVG BEGIN HOUR,Ozone 8-hour 2015,2012-03-25,Parts per million,No Events,17,100.0,Y,0.038941,0.056,9,54.0,047,INSTRUMENTAL - ULTRA VIOLET,Garinger High School,1130 EASTWAY DRIVE,North Carolina,Mecklenburg,Charlotte,16740,"Charlotte-Concord-Gastonia, NC-SC",2024-06-03
37,119,0041,44201,1,35.2401,-80.785683,WGS84,Ozone,W,8-HR RUN AVG BEGIN HOUR,Ozone 8-hour 2015,2012-03-26,Parts per million,No Events,17,100.0,Y,0.044412,0.05,10,46.0,047,INSTRUMENTAL - ULTRA VIOLET,Garinger High School,1130 EASTWAY DRIVE,North Carolina,Mecklenburg,Charlotte,16740,"Charlotte-Concord-Gastonia, NC-SC",2024-06-03
37,119,0041,44201,1,35.2401,-80.785683,WGS84,Ozone,W,8-HR RUN AVG BEGIN HOUR,Ozone 8-hour 2015,2012-03-28,Parts per million,No Events,17,100.0,Y,0.047824,0.053,16,49.0,047,INSTRUMENTAL - ULTRA VIOLET,Garinger High School,1130 EASTWAY DRIVE,North Carolina,Mecklenburg,Charlotte,16740,"Charlotte-Concord-Gastonia, NC-SC",2024-06-03
37,119,0041,44201,1,35.2401,-80.785683,WGS84,Ozone,W,8-HR RUN AVG BEGIN HOUR,Ozone 8-hour 2015,2012-03-29,Parts per million,No Events,17,100.0,Y,0.030412,0.059,10,64.0,047,INSTRUMENTAL - ULTRA VIOLET,Garinger High School,1130 EASTWAY DRIVE,North Carolina,Mecklenburg,Charlotte,16740,"Charlotte-Concord-Gastonia, NC-SC",2024-06-03
37,119,0041,44201,1,35.2401,-80.785683,WGS84,Ozone,W,8-HR RUN AVG BEGIN HOUR,Ozone 8-hour 2015,2012-03-30,Parts per million,No Events,17,100.0,Y,0.043118,0.061,11,71.0,047,INSTRUMENTAL - ULTRA VIOLET,Garinger High School,1130 EASTWAY DRIVE,North Carolina,Mecklenburg,Charlotte,16740,"Charlotte-Concord-Gastonia, NC-SC",2024-06-03
37,119,0041,44201,1,35.2401,-80.785683,WGS84,Ozone,W,8-HR RUN AVG BEGIN HOUR,Ozone 8-hour 2015,2012-03-31,Parts per million,No Events,17,100.0,Y,0.028765,0.039,10,36.0,047,INSTRUMENTAL - ULTRA VIOLET,Garinger High School,1130 EASTWAY DRIVE,North Carolina,Mecklenburg,Charlotte,16740,"Charlotte-Concord-Gastonia, NC-SC",2024-06-03
37,119,0041,44201,1,35.2401,-80.785683,WGS84,Ozone,W,8-HR RUN AVG BEGIN HOUR,Ozone 8-hour 2015,2012-04-03,Parts per million,No Events,17,100.0,Y,0.038471,0.049,10,45.0,047,INSTRUMENTAL - ULTRA VIOLET,Garinger High School,1130 EASTWAY DRIVE,North Carolina,Mecklenburg,Charlotte,16740,"Charlotte-Concord-Gastonia, NC-SC",2024-06-03
37,119,0041,44201,1,35.2401,-80.785683,WGS84,Ozone,W,8-HR RUN AVG BEGIN HOUR,Ozone 8-hour 2015,2012-04-01,Parts per million,No Events,17,100.0,Y,0.027647,0.044,11,41.0,047,INSTRUMENTAL - ULTRA VIOLET,Garinger High School,1130 EASTWAY DRIVE,North Carolina,Mecklenburg,Charlotte,16740,"Charlotte-Concord-Gastonia, NC-SC",2024-06-03
37,119,0041,44201,1,35.2401,-80.785683,WGS84,Ozone,W,8-HR RUN AVG BEGIN HOUR,Ozone 8-hour 2015,2012-04-02,Parts per million,No Events,16,94.0,Y,0.038188,0.044,12,41.0,047,INSTRUMENTAL - ULTRA VIOLET,Garinger High School,1130 EASTWAY DRIVE,North Carolina,Mecklenburg,Charlotte,16740,"Charlotte-Concord-Gastonia, NC-SC",2024-06-03
37,119,0041,44201,1,35.2401,-80.785683,WGS84,Ozone,W,8-HR RUN AVG BEGIN HOUR,Ozone 8-hour 2015,2012-04-04,Parts per million,No Events,17,100.0,Y,0.030882,0.048,11,44.0,047,INSTRUMENTAL - ULTRA VIOLET,Garinger High School,1130 EASTWAY DRIVE,North Carolina,Mecklenburg,Charlotte,16740,"Charlotte-Concord-Gastonia, NC-SC",2024-06-03
37,119,0041,44201,1,35.2401,-80.785683,WGS84,Ozone,W,8-HR RUN AVG BEGIN HOUR,Ozone 8-hour 2015,2012-04-05,Parts per million,No Events,17,100.0,Y,0.038353,0.044,10,41.0,047,INSTRUMENTAL - ULTRA VIOLET,Garinger High School,1130 EASTWAY DRIVE,North Carolina,Mecklenburg,Charlotte,16740,"Charlotte-Concord-Gastonia, NC-SC",2024-06-03
37,119,0041,44201,1,35.2401,-80.785683,WGS84,Ozone,W,8-HR RUN AVG BEGIN HOUR,Ozone 8-hour 2015,2012-04-06,Parts per million,No Events,17,100.0,Y,0.025471,0.046,11,43.0,047,INSTRUMENTAL - ULTRA VIOLET,Garinger High School,1130 EASTWAY DRIVE,North Carolina,Mecklenburg,Charlotte,16740,"Charlotte-Concord-Gastonia, NC-SC",2024-06-03
37,119,0041,44201,1,35.2401,-80.785683,WGS84,Ozone,W,8-HR RUN AVG BEGIN HOUR,Ozone 8-hour 2015,2012-04-07,Parts per million,No Events,17,100.0,Y,0.036353,0.057,11,58.0,047,INSTRUMENTAL - ULTRA VIOLET,Garinger High School,1130 EASTWAY DRIVE,North Carolina,Mecklenburg,Charlotte,16740,"Charlotte-Concord-Gastonia, NC-SC",2024-06-03
37,119,0041,44201,1,35.2401,-80.785683,WGS84,Ozone,W,8-HR RUN AVG BEGIN HOUR,Ozone 8-hour 2015,2012-04-08,Parts per million,No Events,17,100.0,Y,0.050765,0.057,11,58.0,047,INSTRUMENTAL - ULTRA VIOLET,Garinger High School,1130 EASTWAY DRIVE,North Carolina,Mecklenburg,Charlotte,16740,"Charlotte-Concord-Gastonia, NC-SC",2024-06-03
37,119,0041,44201,1,35.2401,-80.785683,WGS84,Ozone,W,8-HR RUN AVG BEGIN HOUR,Ozone 8-hour 2015,2012-04-09,Parts per million,No Events,17,100.0,Y,0.044529,0.057,11,58.0,047,INSTRUMENTAL - ULTRA VIOLET,Garinger High School,1130 EASTWAY DRIVE,North Carolina,Mecklenburg,Charlotte,16740,"Charlotte-Concord-Gastonia, NC-SC",2024-06-03
37,119,0041,44201,1,35.2401,-80.785683,WGS84,Ozone,W,8-HR RUN AVG BEGIN HOUR,Ozone 8-hour 2015,2012-04-10,Parts per million,No Events,17,100.0,Y,0.047,0.054,10,50.0,047,INSTRUMENTAL - ULTRA VIOLET,Garinger High School,1130 EASTWAY DRIVE,North Carolina,Mecklenburg,Charlotte,16740,"Charlotte-Concord-Gastonia, NC-SC",2024-06-03
37,119,0041,44201,1,35.2401,-80.785683,WGS84,Ozone,W,8-HR RUN AVG BEGIN HOUR,Ozone 8-hour 2015,2012-04-11,Parts per million,No Events,17,100.0,Y,0.040765,0.05,9,46.0,047,INSTRUMENTAL - ULTRA VIOLET,Garinger High School,1130 EASTWAY DRIVE,North Carolina,Mecklenburg,Charlotte,16740,"Charlotte-Concord-Gastonia, NC-SC",2024-06-03
37,119,0041,44201,1,35.2401,-80.785683,WGS84,Ozone,W,8-HR RUN AVG BEGIN HOUR,Ozone 8-hour 2015,2012-04-12,Parts per million,No Events,17,100.0,Y,0.024471,0.044,11,41.0,047,INSTRUMENTAL - ULTRA VIOLET,Garinger High School,1130 EASTWAY DRIVE,North Carolina,Mecklenburg,Charlotte,16740,"Charlotte-Concord-Gastonia, NC-SC",2024-06-03
37,119,0041,44201,1,35.2401,-80.785683,WGS84,Ozone,W,8-HR RUN AVG BEGIN HOUR,Ozone 8-hour 2015,2012-04-13,Parts per million,No Events,17,100.0,Y,0.032412,0.057,11,58.0,047,INSTRUMENTAL - ULTRA VIOLET,Garinger High School,1130 EASTWAY DRIVE,North Carolina,Mecklenburg,Charlotte,16740,"Charlotte-Concord-Gastonia, NC-SC",2024-06-03
37,119,0041,44201,1,35.2401,-80.785683,WGS84,Ozone,W,8-HR RUN AVG BEGIN HOUR,Ozone 8-hour 2015,2012-04-14,Parts per million,No Events,17,100.0,Y,0.051235,0.064,11,80.0,047,INSTRUMENTAL - ULTRA VIOLET,Garinger High School,1130 EASTWAY DRIVE,North Carolina,Mecklenburg,Charlotte,16740,"Charlotte-Concord-Gastonia, NC-SC",2024-06-03
37,119,0041,44201,1,35.2401,-80.785683,WGS84,Ozone,W,8-HR RUN AVG BEGIN HOUR,Ozone 8-hour 2015,2012-04-15,Parts per million,No Events,17,100.0,Y,0.038588,0.044,11,41.0,047,INSTRUMENTAL - ULTRA VIOLET,Garinger High School,1130 EASTWAY DRIVE,North Carolina,Mecklenburg,Charlotte,16740,"Charlotte-Concord-Gastonia, NC-SC",2024-06-03
37,119,0041,44201,1,35.2401,-80.785683,WGS84,Ozone,W,8-HR RUN AVG BEGIN HOUR,Ozone 8-hour 2015,2012-04-16,Parts per million,No Events,17,100.0,Y,0.041647,0.046,10,43.0,047,INSTRUMENTAL - ULTRA VIOLET,Garinger High School,1130 EASTWAY DRIVE,North Carolina,Mecklenburg,Charlotte,16740,"Charlotte-Concord-Gastonia, NC-SC",2024-06-03
37,119,0041,44201,1,35.2401,-80.785683,WGS84,Ozone,W,8-HR RUN AVG BEGIN HOUR,Ozone 8-hour 2015,2012-04-17,Parts per million,No Events,17,100.0,Y,0.046,0.055,10,51.0,047,INSTRUMENTAL - ULTRA VIOLET,Garinger High School,1130 EASTWAY DRIVE,North Carolina,Mecklenburg,Charlotte,16740,"Charlotte-Concord-Gastonia, NC-SC",2024-06-03
37,119,0041,44201,1,35.2401,-80.785683,WGS84,Ozone,W,8-HR RUN AVG BEGIN HOUR,Ozone 8-hour 2015,2012-04-18,Parts per million,No Events,17,100.0,Y,0.018824,0.026,7,24.0,047,INSTRUMENTAL - ULTRA VIOLET,Garinger High School,1130 EASTWAY DRIVE,North Carolina,Mecklenburg,Charlotte,16740,"Charlotte-Concord-Gastonia, NC-SC",2024-06-03
37,119,0041,44201,1,35.2401,-80.785683,WGS84,Ozone,W,8-HR RUN AVG BEGIN HOUR,Ozone 8-hour 2015,2012-04-19,Parts per million,No Events,17,100.0,Y,0.024647,0.04,11,37.0,047,INSTRUMENTAL - ULTRA VIOLET,Garinger High School,1130 EASTWAY DRIVE,North Carolina,Mecklenburg,Charlotte,16740,"Charlotte-Concord-Gastonia, NC-SC",2024-06-03
37,119,0041,44201,1,35.2401,-80.785683,WGS84,Ozone,W,8-HR RUN AVG BEGIN HOUR,Ozone 8-hour 2015,2012-04-20,Parts per million,No Events,17,100.0,Y,0.033,0.048,11,44.0,047,INSTRUMENTAL - ULTRA VIOLET,Garinger High School,1130 EASTWAY DRIVE,North Carolina,Mecklenburg,Charlotte,16740,"Charlotte-Concord-Gastonia, NC-SC",2024-06-03
37,119,0041,44201,1,35.2401,-80.785683,WGS84,Ozone,W,8-HR RUN AVG BEGIN HOUR,Ozone 8-hour 2015,2012-04-21,Parts per million,No Events,17,100.0,Y,0.037647,0.048,10,44.0,047,INSTRUMENTAL - ULTRA VIOLET,Garinger High School,1130 EASTWAY DRIVE,North Carolina,Mecklenburg,Charlotte,16740,"Charlotte-Concord-Gastonia, NC-SC",2024-06-03
37,119,0041,44201,1,35.2401,-80.785683,WGS84,Ozone,W,8-HR RUN AVG BEGIN HOUR,Ozone 8-hour 2015,2012-04-22,Parts per million,No Events,17,100.0,Y,0.030588,0.04,8,37.0,047,INSTRUMENTAL - ULTRA VIOLET,Garinger High School,1130 EASTWAY DRIVE,North Carolina,Mecklenburg,Charlotte,16740,"Charlotte-Concord-Gastonia, NC-SC",2024-06-03
37,119,0041,44201,1,35.2401,-80.785683,WGS84,Ozone,W,8-HR RUN AVG BEGIN HOUR,Ozone 8-hour 2015,2012-04-23,Parts per million,No Events,17,100.0,Y,0.030353,0.042,11,39.0,047,INSTRUMENTAL - ULTRA VIOLET,Garinger High School,1130 EASTWAY DRIVE,North Carolina,Mecklenburg,Charlotte,16740,"Charlotte-Concord-Gastonia, NC-SC",2024-06-03
37,119,0041,44201,1,35.2401,-80.785683,WGS84,Ozone,W,8-HR RUN AVG BEGIN HOUR,Ozone 8-hour 2015,2012-04-26,Parts per million,No Events,17,100.0,Y,0.041235,0.046,7,43.0,047,INSTRUMENTAL - ULTRA VIOLET,Garinger High School,1130 EASTWAY DRIVE,North Carolina,Mecklenburg,Charlotte,16740,"Charlotte-Concord-Gastonia, NC-SC",2024-06-03
37,119,0041,44201,1,35.2401,-80.785683,WGS84,Ozone,W,8-HR RUN AVG BEGIN HOUR,Ozone 8-hour 2015,2012-04-24,Parts per million,No Events,17,100.0,Y,0.041353,0.049,9,45.0,047,INSTRUMENTAL - ULTRA VIOLET,Garinger High School,1130 EASTWAY DRIVE,North Carolina,Mecklenburg,Charlotte,16740,"Charlotte-Concord-Gastonia, NC-SC",2024-06-03
37,119,0041,44201,1,35.2401,-80.785683,WGS84,Ozone,W,8-HR RUN AVG BEGIN HOUR,Ozone 8-hour 2015,2012-04-25,Parts per million,No Events,17,100.0,Y,0.044118,0.052,11,48.0,047,INSTRUMENTAL - ULTRA VIOLET,Garinger High School,1130 EASTWAY DRIVE,North Carolina,Mecklenburg,Charlotte,16740,"Charlotte-Concord-Gastonia, NC-SC",2024-06-03
37,119,0041,44201,1,35.2401,-80.785683,WGS84,Ozone,W,8-HR RUN AVG BEGIN HOUR,Ozone 8-hour 2015,2012-04-27,Parts per million,No Events,17,100.0,Y,0.053529,0.066,11,87.0,047,INSTRUMENTAL - ULTRA VIOLET,Garinger High School,1130 EASTWAY DRIVE,North Carolina,Mecklenburg,Charlotte,16740,"Charlotte-Concord-Gastonia, NC-SC",2024-06-03
37,119,0041,44201,1,35.2401,-80.785683,WGS84,Ozone,W,8-HR RUN AVG BEGIN HOUR,Ozone 8-hour 2015,2012-04-28,Parts per million,No Events,17,100.0,Y,0.030647,0.035,10,32.0,047,INSTRUMENTAL - ULTRA VIOLET,Garinger High School,1130 EASTWAY DRIVE,North Carolina,Mecklenburg,Charlotte,16740,"Charlotte-Concord-Gastonia, NC-SC",2024-06-03
37,119,0041,44201,1,35.2401,-80.785683,WGS84,Ozone,W,8-HR RUN AVG BEGIN HOUR,Ozone 8-hour 2015,2012-04-29,Parts per million,No Events,17,100.0,Y,0.036,0.046,10,43.0,047,INSTRUMENTAL - ULTRA VIOLET,Garinger High School,1130 EASTWAY DRIVE,North Carolina,Mecklenburg,Charlotte,16740,"Charlotte-Concord-Gastonia, NC-SC",2024-06-03
37,119,0041,44201,1,35.2401,-80.785683,WGS84,Ozone,W,8-HR RUN AVG BEGIN HOUR,Ozone 8-hour 2015,2012-04-30,Parts per million,No Events,17,100.0,Y,0.036471,0.043,11,40.0,047,INSTRUMENTAL - ULTRA VIOLET,Garinger High School,1130 EASTWAY DRIVE,North Carolina,Mecklenburg,Charlotte,16740,"Charlotte-Concord-Gastonia, NC-SC",2024-06-03
37,119,0041,44201,1,35.2401,-80.785683,WGS84,Ozone,W,8-HR RUN AVG BEGIN HOUR,Ozone 8-hour 2015,2012-05-01,Parts per million,No Events,17,100.0,Y,0.032353,0.039,11,36.0,047,INSTRUMENTAL - ULTRA VIOLET,Garinger High School,1130 EASTWAY DRIVE,North Carolina,Mecklenburg,Charlotte,16740,"Charlotte-Concord-Gastonia, NC-SC",2024-06-03
37,119,0041,44201,1,35.2401,-80.785683,WGS84,Ozone,W,8-HR RUN AVG BEGIN HOUR,Ozone 8-hour 2015,2012-05-02,Parts per million,No Events,17,100.0,Y,0.033824,0.049,11,45.0,047,INSTRUMENTAL - ULTRA VIOLET,Garinger High School,1130 EASTWAY DRIVE,North Carolina,Mecklenburg,Charlotte,16740,"Charlotte-Concord-Gastonia, NC-SC",2024-06-03
37,119,0041,44201,1,35.2401,-80.785683,WGS84,Ozone,W,8-HR RUN AVG BEGIN HOUR,Ozone 8-hour 2015,2012-05-03,Parts per million,No Events,17,100.0,Y,0.034471,0.05,11,46.0,047,INSTRUMENTAL - ULTRA VIOLET,Garinger High School,1130 EASTWAY DRIVE,North Carolina,Mecklenburg,Charlotte,16740,"Charlotte-Concord-Gastonia, NC-SC",2024-06-03
37,119,0041,44201,1,35.2401,-80.785683,WGS84,Ozone,W,8-HR RUN AVG BEGIN HOUR,Ozone 8-hour 2015,2012-05-04,Parts per million,No Events,17,100.0,Y,0.030941,0.044,11,41.0,047,INSTRUMENTAL - ULTRA VIOLET,Garinger High School,1130 EASTWAY DRIVE,North Carolina,Mecklenburg,Charlotte,16740,"Charlotte-Concord-Gastonia, NC-SC",2024-06-03
37,119,0041,44201,1,35.2401,-80.785683,WGS84,Ozone,W,8-HR RUN AVG BEGIN HOUR,Ozone 8-hour 2015,2012-05-05,Parts per million,No Events,17,100.0,Y,0.043941,0.051,12,47.0,047,INSTRUMENTAL - ULTRA VIOLET,Garinger High School,1130 EASTWAY DRIVE,North Carolina,Mecklenburg,Charlotte,16740,"Charlotte-Concord-Gastonia, NC-SC",2024-06-03
37,119,0041,44201,1,35.2401,-80.785683,WGS84,Ozone,W,8-HR RUN AVG BEGIN HOUR,Ozone 8-hour 2015,2012-05-06,Parts per million,No Events,17,100.0,Y,0.036941,0.046,10,43.0,047,INSTRUMENTAL - ULTRA VIOLET,Garinger High School,1130 EASTWAY DRIVE,North Carolina,Mecklenburg,Charlotte,16740,"Charlotte-Concord-Gastonia, NC-SC",2024-06-03
37,119,0041,44201,1,35.2401,-80.785683,WGS84,Ozone,W,8-HR RUN AVG BEGIN HOUR,Ozone 8-hour 2015,2012-05-07,Parts per million,No Events,17,100.0,Y,0.042,0.048,11,44.0,047,INSTRUMENTAL - ULTRA VIOLET,Garinger High School,1130 EASTWAY DRIVE,North Carolina,Mecklenburg,Charlotte,16740,"Charlotte-Concord-Gastonia, NC-SC",2024-06-03
37,119,0041,44201,1,35.2401,-80.785683,WGS84,Ozone,W,8-HR RUN AVG BEGIN HOUR,Ozone 8-hour 2015,2012-05-08,Parts per million,No Events,17,100.0,Y,0.034235,0.04,8,37.0,047,INSTRUMENTAL - ULTRA VIOLET,Garinger High School,1130 EASTWAY DRIVE,North Carolina,Mecklenburg,Charlotte,16740,"Charlotte-Concord-Gastonia, NC-SC",2024-06-03
37,119,0041,44201,1,35.2401,-80.785683,WGS84,Ozone,W,8-HR RUN AVG BEGIN HOUR,Ozone 8-hour 2015,2012-05-09,Parts per million,No Events,17,100.0,Y,0.022176,0.034,9,31.0,047,INSTRUMENTAL - ULTRA VIOLET,Garinger High School,1130 EASTWAY DRIVE,North Carolina,Mecklenburg,Charlotte,16740,"Charlotte-Concord-Gastonia, NC-SC",2024-06-03
37,119,0041,44201,1,35.2401,-80.785683,WGS84,Ozone,W,8-HR RUN AVG BEGIN HOUR,Ozone 8-hour 2015,2012-05-10,Parts per million,No Events,17,100.0,Y,0.039294,0.052,11,48.0,047,INSTRUMENTAL - ULTRA VIOLET,Garinger High School,1130 EASTWAY DRIVE,North Carolina,Mecklenburg,Charlotte,16740,"Charlotte-Concord-Gastonia, NC-SC",2024-06-03
37,119,0041,44201,1,35.2401,-80.785683,WGS84,Ozone,W,8-HR RUN AVG BEGIN HOUR,Ozone 8-hour 2015,2012-05-11,Parts per million,No Events,17,100.0,Y,0.041176,0.063,11,77.0,047,INSTRUMENTAL - ULTRA VIOLET,Garinger High School,1130 EASTWAY DRIVE,North Carolina,Mecklenburg,Charlotte,16740,"Charlotte-Concord-Gastonia, NC-SC",2024-06-03
37,119,0041,44201,1,35.2401,-80.785683,WGS84,Ozone,W,8-HR RUN AVG BEGIN HOUR,Ozone 8-hour 2015,2012-05-12,Parts per million,No Events,17,100.0,Y,0.037824,0.055,10,51.0,047,INSTRUMENTAL - ULTRA VIOLET,Garinger High School,1130 EASTWAY DRIVE,North Carolina,Mecklenburg,Charlotte,16740,"Charlotte-Concord-Gastonia, NC-SC",2024-06-03
37,119,0041,44201,1,35.2401,-80.785683,WGS84,Ozone,W,8-HR RUN AVG BEGIN HOUR,Ozone 8-hour 2015,2012-05-13,Parts per million,No Events,17,100.0,Y,0.033765,0.038,8,35.0,047,INSTRUMENTAL - ULTRA VIOLET,Garinger High School,1130 EASTWAY DRIVE,North Carolina,Mecklenburg,Charlotte,16740,"Charlotte-Concord-Gastonia, NC-SC",2024-06-03
37,119,0041,44201,1,35.2401,-80.785683,WGS84,Ozone,W,8-HR RUN AVG BEGIN HOUR,Ozone 8-hour 2015,2012-05-14,Parts per million,No Events,17,100.0,Y,0.034059,0.038,15,35.0,047,INSTRUMENTAL - ULTRA VIOLET,Garinger High School,1130 EASTWAY DRIVE,North Carolina,Mecklenburg,Charlotte,16740,"Charlotte-Concord-Gastonia, NC-SC",2024-06-03
37,119,0041,44201,1,35.2401,-80.785683,WGS84,Ozone,W,8-HR RUN AVG BEGIN HOUR,Ozone 8-hour 2015,2012-05-15,Parts per million,No Events,17,100.0,Y,0.041529,0.051,11,47.0,047,INSTRUMENTAL - ULTRA VIOLET,Garinger High School,1130 EASTWAY DRIVE,North Carolina,Mecklenburg,Charlotte,16740,"Charlotte-Concord-Gastonia, NC-SC",2024-06-03
37,119,0041,44201,1,35.2401,-80.785683,WGS84,Ozone,W,8-HR RUN AVG BEGIN HOUR,Ozone 8-hour 2015,2012-05-16,Parts per million,No Events,17,100.0,Y,0.038235,0.059,11,64.0,047,INSTRUMENTAL - ULTRA VIOLET,Garinger High School,1130 EASTWAY DRIVE,North Carolina,Mecklenburg,Charlotte,16740,"Charlotte-Concord-Gastonia, NC-SC",2024-06-03
37,119,0041,44201,1,35.2401,-80.785683,WGS84,Ozone,W,8-HR RUN AVG BEGIN HOUR,Ozone 8-hour 2015,2012-05-17,Parts per million,No Events,17,100.0,Y,0.048412,0.058,9,61.0,047,INSTRUMENTAL - ULTRA VIOLET,Garinger High School,1130 EASTWAY DRIVE,North Carolina,Mecklenburg,Charlotte,16740,"Charlotte-Concord-Gastonia, NC-SC",2024-06-03
37,119,0041,44201,1,35.2401,-80.785683,WGS84,Ozone,W,8-HR RUN AVG BEGIN HOUR,Ozone 8-hour 2015,2012-05-18,Parts per million,No Events,17,100.0,Y,0.056,0.069,11,97.0,047,INSTRUMENTAL - ULTRA VIOLET,Garinger High School,1130 EASTWAY DRIVE,North Carolina,Mecklenburg,Charlotte,16740,"Charlotte-Concord-Gastonia, NC-SC",2024-06-03
37,119,0041,44201,1,35.2401,-80.785683,WGS84,Ozone,W,8-HR RUN AVG BEGIN HOUR,Ozone 8-hour 2015,2012-05-19,Parts per million,No Events,17,100.0,Y,0.046588,0.067,11,90.0,047,INSTRUMENTAL - ULTRA VIOLET,Garinger High School,1130 EASTWAY DRIVE,North Carolina,Mecklenburg,Charlotte,16740,"Charlotte-Concord-Gastonia, NC-SC",2024-06-03
37,119,0041,44201,1,35.2401,-80.785683,WGS84,Ozone,W,8-HR RUN AVG BEGIN HOUR,Ozone 8-hour 2015,2012-05-20,Parts per million,No Events,16,94.0,Y,0.057563,0.07,10,100.0,047,INSTRUMENTAL - ULTRA VIOLET,Garinger High School,1130 EASTWAY DRIVE,North Carolina,Mecklenburg,Charlotte,16740,"Charlotte-Concord-Gastonia, NC-SC",2024-06-03
37,119,0041,44201,1,35.2401,-80.785683,WGS84,Ozone,W,8-HR RUN AVG BEGIN HOUR,Ozone 8-hour 2015,2012-05-21,Parts per million,No Events,17,100.0,Y,0.050059,0.064,11,80.0,047,INSTRUMENTAL - ULTRA VIOLET,Garinger High School,1130 EASTWAY DRIVE,North Carolina,Mecklenburg,Charlotte,16740,"Charlotte-Concord-Gastonia, NC-SC",2024-06-03
37,119,0041,44201,1,35.2401,-80.785683,WGS84,Ozone,W,8-HR RUN AVG BEGIN HOUR,Ozone 8-hour 2015,2012-05-22,Parts per million,No Events,17,100.0,Y,0.049235,0.063,10,77.0,047,INSTRUMENTAL - ULTRA VIOLET,Garinger High School,1130 EASTWAY DRIVE,North Carolina,Mecklenburg,Charlotte,16740,"Charlotte-Concord-Gastonia, NC-SC",2024-06-03
37,119,0041,44201,1,35.2401,-80.785683,WGS84,Ozone,W,8-HR RUN AVG BEGIN HOUR,Ozone 8-hour 2015,2012-05-23,Parts per million,No Events,17,100.0,Y,0.042941,0.059,11,64.0,047,INSTRUMENTAL - ULTRA VIOLET,Garinger High School,1130 EASTWAY DRIVE,North Carolina,Mecklenburg,Charlotte,16740,"Charlotte-Concord-Gastonia, NC-SC",2024-06-03
37,119,0041,44201,1,35.2401,-80.785683,WGS84,Ozone,W,8-HR RUN AVG BEGIN HOUR,Ozone 8-hour 2015,2012-05-24,Parts per million,No Events,17,100.0,Y,0.041353,0.058,11,61.0,047,INSTRUMENTAL - ULTRA VIOLET,Garinger High School,1130 EASTWAY DRIVE,North Carolina,Mecklenburg,Charlotte,16740,"Charlotte-Concord-Gastonia, NC-SC",2024-06-03
37,119,0041,44201,1,35.2401,-80.785683,WGS84,Ozone,W,8-HR RUN AVG BEGIN HOUR,Ozone 8-hour 2015,2012-05-25,Parts per million,No Events,17,100.0,Y,0.038765,0.065,10,84.0,047,INSTRUMENTAL - ULTRA VIOLET,Garinger High School,1130 EASTWAY DRIVE,North Carolina,Mecklenburg,Charlotte,16740,"Charlotte-Concord-Gastonia, NC-SC",2024-06-03
37,119,0041,44201,1,35.2401,-80.785683,WGS84,Ozone,W,8-HR RUN AVG BEGIN HOUR,Ozone 8-hour 2015,2012-05-26,Parts per million,No Events,17,100.0,Y,0.037059,0.05,10,46.0,047,INSTRUMENTAL - ULTRA VIOLET,Garinger High School,1130 EASTWAY DRIVE,North Carolina,Mecklenburg,Charlotte,16740,"Charlotte-Concord-Gastonia, NC-SC",2024-06-03
37,119,0041,44201,1,35.2401,-80.785683,WGS84,Ozone,W,8-HR RUN AVG BEGIN HOUR,Ozone 8-hour 2015,2012-05-27,Parts per million,No Events,17,100.0,Y,0.019353,0.023,9,21.0,047,INSTRUMENTAL - ULTRA VIOLET,Garinger High School,1130 EASTWAY DRIVE,North Carolina,Mecklenburg,Charlotte,16740,"Charlotte-Concord-Gastonia, NC-SC",2024-06-03
37,119,0041,44201,1,35.2401,-80.785683,WGS84,Ozone,W,8-HR RUN AVG BEGIN HOUR,Ozone 8-hour 2015,2012-05-28,Parts per million,No Events,17,100.0,Y,0.017824,0.028,9,26.0,047,INSTRUMENTAL - ULTRA VIOLET,Garinger High School,1130 EASTWAY DRIVE,North Carolina,Mecklenburg,Charlotte,16740,"Charlotte-Concord-Gastonia, NC-SC",2024-06-03
37,119,0041,44201,1,35.2401,-80.785683,WGS84,Ozone,W,8-HR RUN AVG BEGIN HOUR,Ozone 8-hour 2015,2012-05-29,Parts per million,No Events,17,100.0,Y,0.020824,0.031,9,29.0,047,INSTRUMENTAL - ULTRA VIOLET,Garinger High School,1130 EASTWAY DRIVE,North Carolina,Mecklenburg,Charlotte,16740,"Charlotte-Concord-Gastonia, NC-SC",2024-06-03
37,119,0041,44201,1,35.2401,-80.785683,WGS84,Ozone,W,8-HR RUN AVG BEGIN HOUR,Ozone 8-hour 2015,2012-05-30,Parts per million,No Events,17,100.0,Y,0.030882,0.056,11,54.0,047,INSTRUMENTAL - ULTRA VIOLET,Garinger High School,1130 EASTWAY DRIVE,North Carolina,Mecklenburg,Charlotte,16740,"Charlotte-Concord-Gastonia, NC-SC",2024-06-03
37,119,0041,44201,1,35.2401,-80.785683,WGS84,Ozone,W,8-HR RUN AVG BEGIN HOUR,Ozone 8-hour 2015,2012-05-31,Parts per million,No Events,17,100.0,Y,0.052,0.063,11,77.0,047,INSTRUMENTAL - ULTRA VIOLET,Garinger High School,1130 EASTWAY DRIVE,North Carolina,Mecklenburg,Charlotte,16740,"Charlotte-Concord-Gastonia, NC-SC",2024-06-03
37,119,0041,44201,1,35.2401,-80.785683,WGS84,Ozone,W,8-HR RUN AVG BEGIN HOUR,Ozone 8-hour 2015,2012-06-01,Parts per million,No Events,17,100.0,Y,0.036529,0.042,7,39.0,047,INSTRUMENTAL - ULTRA VIOLET,Garinger High School,1130 EASTWAY DRIVE,North Carolina,Mecklenburg,Charlotte,16740,"Charlotte-Concord-Gastonia, NC-SC",2024-06-03
37,119,0041,44201,1,35.2401,-80.785683,WGS84,Ozone,W,8-HR RUN AVG BEGIN HOUR,Ozone 8-hour 2015,2012-06-02,Parts per million,No Events,17,100.0,Y,0.037176,0.049,11,45.0,047,INSTRUMENTAL - ULTRA VIOLET,Garinger High School,1130 EASTWAY DRIVE,North Carolina,Mecklenburg,Charlotte,16740,"Charlotte-Concord-Gastonia, NC-SC",2024-06-03
37,119,0041,44201,1,35.2401,-80.785683,WGS84,Ozone,W,8-HR RUN AVG BEGIN HOUR,Ozone 8-hour 2015,2012-06-03,Parts per million,No Events,17,100.0,Y,0.040294,0.055,11,51.0,047,INSTRUMENTAL - ULTRA VIOLET,Garinger High School,1130 EASTWAY DRIVE,North Carolina,Mecklenburg,Charlotte,16740,"Charlotte-Concord-Gastonia, NC-SC",2024-06-03
37,119,0041,44201,1,35.2401,-80.785683,WGS84,Ozone,W,8-HR RUN AVG BEGIN HOUR,Ozone 8-hour 2015,2012-06-04,Parts per million,No Events,17,100.0,Y,0.048765,0.057,12,58.0,047,INSTRUMENTAL - ULTRA VIOLET,Garinger High School,1130 EASTWAY DRIVE,North Carolina,Mecklenburg,Charlotte,16740,"Charlotte-Concord-Gastonia, NC-SC",2024-06-03
37,119,0041,44201,1,35.2401,-80.785683,WGS84,Ozone,W,8-HR RUN AVG BEGIN HOUR,Ozone 8-hour 2015,2012-06-05,Parts per million,No Events,17,100.0,Y,0.037235,0.048,10,44.0,047,INSTRUMENTAL - ULTRA VIOLET,Garinger High School,1130 EASTWAY DRIVE,North Carolina,Mecklenburg,Charlotte,16740,"Charlotte-Concord-Gastonia, NC-SC",2024-06-03
37,119,0041,44201,1,35.2401,-80.785683,WGS84,Ozone,W,8-HR RUN AVG BEGIN HOUR,Ozone 8-hour 2015,2012-06-06,Parts per million,No Events,17,100.0,Y,0.033059,0.044,8,41.0,047,INSTRUMENTAL - ULTRA VIOLET,Garinger High School,1130 EASTWAY DRIVE,North Carolina,Mecklenburg,Charlotte,16740,"Charlotte-Concord-Gastonia, NC-SC",2024-06-03
37,119,0041,44201,1,35.2401,-80.785683,WGS84,Ozone,W,8-HR RUN AVG BEGIN HOUR,Ozone 8-hour 2015,2012-06-07,Parts per million,No Events,17,100.0,Y,0.035353,0.057,11,58.0,047,INSTRUMENTAL - ULTRA VIOLET,Garinger High School,1130 EASTWAY DRIVE,North Carolina,Mecklenburg,Charlotte,16740,"Charlotte-Concord-Gastonia, NC-SC",2024-06-03
37,119,0041,44201,1,35.2401,-80.785683,WGS84,Ozone,W,8-HR RUN AVG BEGIN HOUR,Ozone 8-hour 2015,2012-06-08,Parts per million,No Events,17,100.0,Y,0.034941,0.057,11,58.0,047,INSTRUMENTAL - ULTRA VIOLET,Garinger High School,1130 EASTWAY DRIVE,North Carolina,Mecklenburg,Charlotte,16740,"Charlotte-Concord-Gastonia, NC-SC",2024-06-03
37,119,0041,44201,1,35.2401,-80.785683,WGS84,Ozone,W,8-HR RUN AVG BEGIN HOUR,Ozone 8-hour 2015,2012-06-09,Parts per million,No Events,17,100.0,Y,0.048765,0.062,10,74.0,047,INSTRUMENTAL - ULTRA VIOLET,Garinger High School,1130 EASTWAY DRIVE,North Carolina,Mecklenburg,Charlotte,16740,"Charlotte-Concord-Gastonia, NC-SC",2024-06-03
37,119,0041,44201,1,35.2401,-80.785683,WGS84,Ozone,W,8-HR RUN AVG BEGIN HOUR,Ozone 8-hour 2015,2012-06-10,Parts per million,No Events,17,100.0,Y,0.032765,0.044,10,41.0,047,INSTRUMENTAL - ULTRA VIOLET,Garinger High School,1130 EASTWAY DRIVE,North Carolina,Mecklenburg,Charlotte,16740,"Charlotte-Concord-Gastonia, NC-SC",2024-06-03
37,119,0041,44201,1,35.2401,-80.785683,WGS84,Ozone,W,8-HR RUN AVG BEGIN HOUR,Ozone 8-hour 2015,2012-06-11,Parts per million,No Events,17,100.0,Y,0.020118,0.024,11,22.0,047,INSTRUMENTAL - ULTRA VIOLET,Garinger High School,1130 EASTWAY DRIVE,North Carolina,Mecklenburg,Charlotte,16740,"Charlotte-Concord-Gastonia, NC-SC",2024-06-03
37,119,0041,44201,1,35.2401,-80.785683,WGS84,Ozone,W,8-HR RUN AVG BEGIN HOUR,Ozone 8-hour 2015,2012-06-12,Parts per million,No Events,17,100.0,Y,0.026765,0.032,15,30.0,047,INSTRUMENTAL - ULTRA VIOLET,Garinger High School,1130 EASTWAY DRIVE,North Carolina,Mecklenburg,Charlotte,16740,"Charlotte-Concord-Gastonia, NC-SC",2024-06-03
37,119,0041,44201,1,35.2401,-80.785683,WGS84,Ozone,W,8-HR RUN AVG BEGIN HOUR,Ozone 8-hour 2015,2012-06-13,Parts per million,No Events,17,100.0,Y,0.048412,0.063,11,77.0,047,INSTRUMENTAL - ULTRA VIOLET,Garinger High School,1130 EASTWAY DRIVE,North Carolina,Mecklenburg,Charlotte,16740,"Charlotte-Concord-Gastonia, NC-SC",2024-06-03
37,119,0041,44201,1,35.2401,-80.785683,WGS84,Ozone,W,8-HR RUN AVG BEGIN HOUR,Ozone 8-hour 2015,2012-06-14,Parts per million,No Events,17,100.0,Y,0.044294,0.058,10,61.0,047,INSTRUMENTAL - ULTRA VIOLET,Garinger High School,1130 EASTWAY DRIVE,North Carolina,Mecklenburg,Charlotte,16740,"Charlotte-Concord-Gastonia, NC-SC",2024-06-03
37,119,0041,44201,1,35.2401,-80.785683,WGS84,Ozone,W,8-HR RUN AVG BEGIN HOUR,Ozone 8-hour 2015,2012-06-15,Parts per million,No Events,17,100.0,Y,0.036176,0.048,10,44.0,047,INSTRUMENTAL - ULTRA VIOLET,Garinger High School,1130 EASTWAY DRIVE,North Carolina,Mecklenburg,Charlotte,16740,"Charlotte-Concord-Gastonia, NC-SC",2024-06-03
37,119,0041,44201,1,35.2401,-80.785683,WGS84,Ozone,W,8-HR RUN AVG BEGIN HOUR,Ozone 8-hour 2015,2012-06-16,Parts per million,No Events,17,100.0,Y,0.047765,0.063,11,77.0,047,INSTRUMENTAL - ULTRA VIOLET,Garinger High School,1130 EASTWAY DRIVE,North Carolina,Mecklenburg,Charlotte,16740,"Charlotte-Concord-Gastonia, NC-SC",2024-06-03
37,119,0041,44201,1,35.2401,-80.785683,WGS84,Ozone,W,8-HR RUN AVG BEGIN HOUR,Ozone 8-hour 2015,2012-06-17,Parts per million,No Events,17,100.0,Y,0.041294,0.058,10,61.0,047,INSTRUMENTAL - ULTRA VIOLET,Garinger High School,1130 EASTWAY DRIVE,North Carolina,Mecklenburg,Charlotte,16740,"Charlotte-Concord-Gastonia, NC-SC",2024-06-03
37,119,0041,44201,1,35.2401,-80.785683,WGS84,Ozone,W,8-HR RUN AVG BEGIN HOUR,Ozone 8-hour 2015,2012-06-18,Parts per million,No Events,17,100.0,Y,0.043118,0.054,11,50.0,047,INSTRUMENTAL - ULTRA VIOLET,Garinger High School,1130 EASTWAY DRIVE,North Carolina,Mecklenburg,Charlotte,16740,"Charlotte-Concord-Gastonia, NC-SC",2024-06-03
37,119,0041,44201,1,35.2401,-80.785683,WGS84,Ozone,W,8-HR RUN AVG BEGIN HOUR,Ozone 8-hour 2015,2012-06-22,Parts per million,No Events,17,100.0,Y,0.032941,0.053,9,49.0,047,INSTRUMENTAL - ULTRA VIOLET,Garinger High School,1130 EASTWAY DRIVE,North Carolina,Mecklenburg,Charlotte,16740,"Charlotte-Concord-Gastonia, NC-SC",2024-06-03
37,119,0041,44201,1,35.2401,-80.785683,WGS84,Ozone,W,8-HR RUN AVG BEGIN HOUR,Ozone 8-hour 2015,2012-06-19,Parts per million,No Events,17,100.0,Y,0.044294,0.063,11,77.0,047,INSTRUMENTAL - ULTRA VIOLET,Garinger High School,1130 EASTWAY DRIVE,North Carolina,Mecklenburg,Charlotte,16740,"Charlotte-Concord-Gastonia, NC-SC",2024-06-03
37,119,0041,44201,1,35.2401,-80.785683,WGS84,Ozone,W,8-HR RUN AVG BEGIN HOUR,Ozone 8-hour 2015,2012-06-20,Parts per million,No Events,17,100.0,Y,0.051647,0.068,10,93.0,047,INSTRUMENTAL - ULTRA VIOLET,Garinger High School,1130 EASTWAY DRIVE,North Carolina,Mecklenburg,Charlotte,16740,"Charlotte-Concord-Gastonia, NC-SC",2024-06-03
37,119,0041,44201,1,35.2401,-80.785683,WGS84,Ozone,W,8-HR RUN AVG BEGIN HOUR,Ozone 8-hour 2015,2012-06-21,Parts per million,No Events,17,100.0,Y,0.048294,0.066,10,87.0,047,INSTRUMENTAL - ULTRA VIOLET,Garinger High School,1130 EASTWAY DRIVE,North Carolina,Mecklenburg,Charlotte,16740,"Charlotte-Concord-Gastonia, NC-SC",2024-06-03
37,119,0041,44201,1,35.2401,-80.785683,WGS84,Ozone,W,8-HR RUN AVG BEGIN HOUR,Ozone 8-hour 2015,2012-06-23,Parts per million,No Events,17,100.0,Y,0.049706,0.06,11,67.0,047,INSTRUMENTAL - ULTRA VIOLET,Garinger High School,1130 EASTWAY DRIVE,North Carolina,Mecklenburg,Charlotte,16740,"Charlotte-Concord-Gastonia, NC-SC",2024-06-03
37,119,0041,44201,1,35.2401,-80.785683,WGS84,Ozone,W,8-HR RUN AVG BEGIN HOUR,Ozone 8-hour 2015,2012-06-24,Parts per million,No Events,17,100.0,Y,0.029765,0.041,10,38.0,047,INSTRUMENTAL - ULTRA VIOLET,Garinger High School,1130 EASTWAY DRIVE,North Carolina,Mecklenburg,Charlotte,16740,"Charlotte-Concord-Gastonia, NC-SC",2024-06-03
37,119,0041,44201,1,35.2401,-80.785683,WGS84,Ozone,W,8-HR RUN AVG BEGIN HOUR,Ozone 8-hour 2015,2012-06-25,Parts per million,No Events,17,100.0,Y,0.046824,0.06,11,67.0,047,INSTRUMENTAL - ULTRA VIOLET,Garinger High School,1130 EASTWAY DRIVE,North Carolina,Mecklenburg,Charlotte,16740,"Charlotte-Concord-Gastonia, NC-SC",2024-06-03
37,119,0041,44201,1,35.2401,-80.785683,WGS84,Ozone,W,8-HR RUN AVG BEGIN HOUR,Ozone 8-hour 2015,2012-06-26,Parts per million,No Events,17,100.0,Y,0.041294,0.059,11,64.0,047,INSTRUMENTAL - ULTRA VIOLET,Garinger High School,1130 EASTWAY DRIVE,North Carolina,Mecklenburg,Charlotte,16740,"Charlotte-Concord-Gastonia, NC-SC",2024-06-03
37,119,0041,44201,1,35.2401,-80.785683,WGS84,Ozone,W,8-HR RUN AVG BEGIN HOUR,Ozone 8-hour 2015,2012-06-27,Parts per million,No Events,17,100.0,Y,0.037765,0.059,11,64.0,047,INSTRUMENTAL - ULTRA VIOLET,Garinger High School,1130 EASTWAY DRIVE,North Carolina,Mecklenburg,Charlotte,16740,"Charlotte-Concord-Gastonia, NC-SC",2024-06-03
37,119,0041,44201,1,35.2401,-80.785683,WGS84,Ozone,W,8-HR RUN AVG BEGIN HOUR,Ozone 8-hour 2015,2012-06-28,Parts per million,No Events,17,100.0,Y,0.054176,0.071,12,101.0,047,INSTRUMENTAL - ULTRA VIOLET,Garinger High School,1130 EASTWAY DRIVE,North Carolina,Mecklenburg,Charlotte,16740,"Charlotte-Concord-Gastonia, NC-SC",2024-06-03
37,119,0041,44201,1,35.2401,-80.785683,WGS84,Ozone,W,8-HR RUN AVG BEGIN HOUR,Ozone 8-hour 2015,2012-06-29,Parts per million,No Events,17,100.0,Y,0.066059,0.091,10,164.0,047,INSTRUMENTAL - ULTRA VIOLET,Garinger High School,1130 EASTWAY DRIVE,North Carolina,Mecklenburg,Charlotte,16740,"Charlotte-Concord-Gastonia, NC-SC",2024-06-03
37,119,0041,44201,1,35.2401,-80.785683,WGS84,Ozone,W,8-HR RUN AVG BEGIN HOUR,Ozone 8-hour 2015,2012-07-03,Parts per million,No Events,17,100.0,Y,0.055706,0.077,9,122.0,047,INSTRUMENTAL - ULTRA VIOLET,Garinger High School,1130 EASTWAY DRIVE,North Carolina,Mecklenburg,Charlotte,16740,"Charlotte-Concord-Gastonia, NC-SC",2024-06-03
37,119,0041,44201,1,35.2401,-80.785683,WGS84,Ozone,W,8-HR RUN AVG BEGIN HOUR,Ozone 8-hour 2015,2012-06-30,Parts per million,No Events,17,100.0,Y,0.054059,0.083,10,143.0,047,INSTRUMENTAL - ULTRA VIOLET,Garinger High School,1130 EASTWAY DRIVE,North Carolina,Mecklenburg,Charlotte,16740,"Charlotte-Concord-Gastonia, NC-SC",2024-06-03
37,119,0041,44201,1,35.2401,-80.785683,WGS84,Ozone,W,8-HR RUN AVG BEGIN HOUR,Ozone 8-hour 2015,2012-07-01,Parts per million,No Events,17,100.0,Y,0.056647,0.077,9,122.0,047,INSTRUMENTAL - ULTRA VIOLET,Garinger High School,1130 EASTWAY DRIVE,North Carolina,Mecklenburg,Charlotte,16740,"Charlotte-Concord-Gastonia, NC-SC",2024-06-03
37,119,0041,44201,1,35.2401,-80.785683,WGS84,Ozone,W,8-HR RUN AVG BEGIN HOUR,Ozone 8-hour 2015,2012-07-02,Parts per million,No Events,17,100.0,Y,0.048353,0.07,12,100.0,047,INSTRUMENTAL - ULTRA VIOLET,Garinger High School,1130 EASTWAY DRIVE,North Carolina,Mecklenburg,Charlotte,16740,"Charlotte-Concord-Gastonia, NC-SC",2024-06-03
37,119,0041,44201,1,35.2401,-80.785683,WGS84,Ozone,W,8-HR RUN AVG BEGIN HOUR,Ozone 8-hour 2015,2012-07-04,Parts per million,No Events,17,100.0,Y,0.035,0.063,9,77.0,047,INSTRUMENTAL - ULTRA VIOLET,Garinger High School,1130 EASTWAY DRIVE,North Carolina,Mecklenburg,Charlotte,16740,"Charlotte-Concord-Gastonia, NC-SC",2024-06-03
37,119,0041,44201,1,35.2401,-80.785683,WGS84,Ozone,W,8-HR RUN AVG BEGIN HOUR,Ozone 8-hour 2015,2012-07-05,Parts per million,No Events,17,100.0,Y,0.051059,0.072,8,105.0,047,INSTRUMENTAL - ULTRA VIOLET,Garinger High School,1130 EASTWAY DRIVE,North Carolina,Mecklenburg,Charlotte,16740,"Charlotte-Concord-Gastonia, NC-SC",2024-06-03
37,119,0041,44201,1,35.2401,-80.785683,WGS84,Ozone,W,8-HR RUN AVG BEGIN HOUR,Ozone 8-hour 2015,2012-07-06,Parts per million,No Events,17,100.0,Y,0.066176,0.092,11,166.0,047,INSTRUMENTAL - ULTRA VIOLET,Garinger High School,1130 EASTWAY DRIVE,North Carolina,Mecklenburg,Charlotte,16740,"Charlotte-Concord-Gastonia, NC-SC",2024-06-03
37,119,0041,44201,1,35.2401,-80.785683,WGS84,Ozone,W,8-HR RUN AVG BEGIN HOUR,Ozone 8-hour 2015,2012-07-07,Parts per million,No Events,17,100.0,Y,0.050765,0.067,10,90.0,047,INSTRUMENTAL - ULTRA VIOLET,Garinger High School,1130 EASTWAY DRIVE,North Carolina,Mecklenburg,Charlotte,16740,"Charlotte-Concord-Gastonia, NC-SC",2024-06-03
37,119,0041,44201,1,35.2401,-80.785683,WGS84,Ozone,W,8-HR RUN AVG BEGIN HOUR,Ozone 8-hour 2015,2012-07-08,Parts per million,No Events,17,100.0,Y,0.044471,0.062,8,74.0,047,INSTRUMENTAL - ULTRA VIOLET,Garinger High School,1130 EASTWAY DRIVE,North Carolina,Mecklenburg,Charlotte,16740,"Charlotte-Concord-Gastonia, NC-SC",2024-06-03
37,119,0041,44201,1,35.2401,-80.785683,WGS84,Ozone,W,8-HR RUN AVG BEGIN HOUR,Ozone 8-hour 2015,2012-07-09,Parts per million,No Events,17,100.0,Y,0.051235,0.069,9,97.0,047,INSTRUMENTAL - ULTRA VIOLET,Garinger High School,1130 EASTWAY DRIVE,North Carolina,Mecklenburg,Charlotte,16740,"Charlotte-Concord-Gastonia, NC-SC",2024-06-03
37,119,0041,44201,1,35.2401,-80.785683,WGS84,Ozone,W,8-HR RUN AVG BEGIN HOUR,Ozone 8-hour 2015,2012-07-10,Parts per million,No Events,17,100.0,Y,0.042588,0.056,10,54.0,047,INSTRUMENTAL - ULTRA VIOLET,Garinger High School,1130 EASTWAY DRIVE,North Carolina,Mecklenburg,Charlotte,16740,"Charlotte-Concord-Gastonia, NC-SC",2024-06-03
37,119,0041,44201,1,35.2401,-80.785683,WGS84,Ozone,W,8-HR RUN AVG BEGIN HOUR,Ozone 8-hour 2015,2012-07-11,Parts per million,No Events,17,100.0,Y,0.042941,0.053,10,49.0,047,INSTRUMENTAL - ULTRA VIOLET,Garinger High School,1130 EASTWAY DRIVE,North Carolina,Mecklenburg,Charlotte,16740,"Charlotte-Concord-Gastonia, NC-SC",2024-06-03
37,119,0041,44201,1,35.2401,-80.785683,WGS84,Ozone,W,8-HR RUN AVG BEGIN HOUR,Ozone 8-hour 2015,2012-07-12,Parts per million,No Events,17,100.0,Y,0.031,0.039,11,36.0,047,INSTRUMENTAL - ULTRA VIOLET,Garinger High School,1130 EASTWAY DRIVE,North Carolina,Mecklenburg,Charlotte,16740,"Charlotte-Concord-Gastonia, NC-SC",2024-06-03
37,119,0041,44201,1,35.2401,-80.785683,WGS84,Ozone,W,8-HR RUN AVG BEGIN HOUR,Ozone 8-hour 2015,2012-07-13,Parts per million,No Events,17,100.0,Y,0.015412,0.022,10,20.0,047,INSTRUMENTAL - ULTRA VIOLET,Garinger High School,1130 EASTWAY DRIVE,North Carolina,Mecklenburg,Charlotte,16740,"Charlotte-Concord-Gastonia, NC-SC",2024-06-03
37,119,0041,44201,1,35.2401,-80.785683,WGS84,Ozone,W,8-HR RUN AVG BEGIN HOUR,Ozone 8-hour 2015,2012-07-14,Parts per million,No Events,17,100.0,Y,0.015765,0.026,10,24.0,047,INSTRUMENTAL - ULTRA VIOLET,Garinger High School,1130 EASTWAY DRIVE,North Carolina,Mecklenburg,Charlotte,16740,"Charlotte-Concord-Gastonia, NC-SC",2024-06-03
37,119,0041,44201,1,35.2401,-80.785683,WGS84,Ozone,W,8-HR RUN AVG BEGIN HOUR,Ozone 8-hour 2015,2012-07-15,Parts per million,No Events,17,100.0,Y,0.018294,0.027,10,25.0,047,INSTRUMENTAL - ULTRA VIOLET,Garinger High School,1130 EASTWAY DRIVE,North Carolina,Mecklenburg,Charlotte,16740,"Charlotte-Concord-Gastonia, NC-SC",2024-06-03
37,119,0041,44201,1,35.2401,-80.785683,WGS84,Ozone,W,8-HR RUN AVG BEGIN HOUR,Ozone 8-hour 2015,2012-07-16,Parts per million,No Events,17,100.0,Y,0.022882,0.043,10,40.0,047,INSTRUMENTAL - ULTRA VIOLET,Garinger High School,1130 EASTWAY DRIVE,North Carolina,Mecklenburg,Charlotte,16740,"Charlotte-Concord-Gastonia, NC-SC",2024-06-03
37,119,0041,44201,1,35.2401,-80.785683,WGS84,Ozone,W,8-HR RUN AVG BEGIN HOUR,Ozone 8-hour 2015,2012-07-17,Parts per million,No Events,17,100.0,Y,0.048294,0.074,11,112.0,047,INSTRUMENTAL - ULTRA VIOLET,Garinger High School,1130 EASTWAY DRIVE,North Carolina,Mecklenburg,Charlotte,16740,"Charlotte-Concord-Gastonia, NC-SC",2024-06-03
37,119,0041,44201,1,35.2401,-80.785683,WGS84,Ozone,W,8-HR RUN AVG BEGIN HOUR,Ozone 8-hour 2015,2012-07-18,Parts per million,No Events,17,100.0,Y,0.040412,0.057,9,58.0,047,INSTRUMENTAL - ULTRA VIOLET,Garinger High School,1130 EASTWAY DRIVE,North Carolina,Mecklenburg,Charlotte,16740,"Charlotte-Concord-Gastonia, NC-SC",2024-06-03
37,119,0041,44201,1,35.2401,-80.785683,WGS84,Ozone,W,8-HR RUN AVG BEGIN HOUR,Ozone 8-hour 2015,2012-07-19,Parts per million,No Events,17,100.0,Y,0.031588,0.046,9,43.0,047,INSTRUMENTAL - ULTRA VIOLET,Garinger High School,1130 EASTWAY DRIVE,North Carolina,Mecklenburg,Charlotte,16740,"Charlotte-Concord-Gastonia, NC-SC",2024-06-03
37,119,0041,44201,1,35.2401,-80.785683,WGS84,Ozone,W,8-HR RUN AVG BEGIN HOUR,Ozone 8-hour 2015,2012-07-20,Parts per million,No Events,17,100.0,Y,0.032353,0.049,9,45.0,047,INSTRUMENTAL - ULTRA VIOLET,Garinger High School,1130 EASTWAY DRIVE,North Carolina,Mecklenburg,Charlotte,16740,"Charlotte-Concord-Gastonia, NC-SC",2024-06-03
37,119,0041,44201,1,35.2401,-80.785683,WGS84,Ozone,W,8-HR RUN AVG BEGIN HOUR,Ozone 8-hour 2015,2012-07-21,Parts per million,No Events,17,100.0,Y,0.032353,0.041,11,38.0,047,INSTRUMENTAL - ULTRA VIOLET,Garinger High School,1130 EASTWAY DRIVE,North Carolina,Mecklenburg,Charlotte,16740,"Charlotte-Concord-Gastonia, NC-SC",2024-06-03
37,119,0041,44201,1,35.2401,-80.785683,WGS84,Ozone,W,8-HR RUN AVG BEGIN HOUR,Ozone 8-hour 2015,2012-07-22,Parts per million,No Events,17,100.0,Y,0.028471,0.044,8,41.0,047,INSTRUMENTAL - ULTRA VIOLET,Garinger High School,1130 EASTWAY DRIVE,North Carolina,Mecklenburg,Charlotte,16740,"Charlotte-Concord-Gastonia, NC-SC",2024-06-03
37,119,0041,44201,1,35.2401,-80.785683,WGS84,Ozone,W,8-HR RUN AVG BEGIN HOUR,Ozone 8-hour 2015,2012-07-23,Parts per million,No Events,17,100.0,Y,0.030176,0.045,10,42.0,047,INSTRUMENTAL - ULTRA VIOLET,Garinger High School,1130 EASTWAY DRIVE,North Carolina,Mecklenburg,Charlotte,16740,"Charlotte-Concord-Gastonia, NC-SC",2024-06-03
37,119,0041,44201,1,35.2401,-80.785683,WGS84,Ozone,W,8-HR RUN AVG BEGIN HOUR,Ozone 8-hour 2015,2012-07-24,Parts per million,No Events,17,100.0,Y,0.034412,0.048,10,44.0,047,INSTRUMENTAL - ULTRA VIOLET,Garinger High School,1130 EASTWAY DRIVE,North Carolina,Mecklenburg,Charlotte,16740,"Charlotte-Concord-Gastonia, NC-SC",2024-06-03
37,119,0041,44201,1,35.2401,-80.785683,WGS84,Ozone,W,8-HR RUN AVG BEGIN HOUR,Ozone 8-hour 2015,2012-07-25,Parts per million,No Events,17,100.0,Y,0.045412,0.069,11,97.0,047,INSTRUMENTAL - ULTRA VIOLET,Garinger High School,1130 EASTWAY DRIVE,North Carolina,Mecklenburg,Charlotte,16740,"Charlotte-Concord-Gastonia, NC-SC",2024-06-03
37,119,0041,44201,1,35.2401,-80.785683,WGS84,Ozone,W,8-HR RUN AVG BEGIN HOUR,Ozone 8-hour 2015,2012-07-26,Parts per million,No Events,17,100.0,Y,0.041,0.057,10,58.0,047,INSTRUMENTAL - ULTRA VIOLET,Garinger High School,1130 EASTWAY DRIVE,North Carolina,Mecklenburg,Charlotte,16740,"Charlotte-Concord-Gastonia, NC-SC",2024-06-03
37,119,0041,44201,1,35.2401,-80.785683,WGS84,Ozone,W,8-HR RUN AVG BEGIN HOUR,Ozone 8-hour 2015,2012-07-27,Parts per million,No Events,17,100.0,Y,0.034529,0.045,10,42.0,047,INSTRUMENTAL - ULTRA VIOLET,Garinger High School,1130 EASTWAY DRIVE,North Carolina,Mecklenburg,Charlotte,16740,"Charlotte-Concord-Gastonia, NC-SC",2024-06-03
37,119,0041,44201,1,35.2401,-80.785683,WGS84,Ozone,W,8-HR RUN AVG BEGIN HOUR,Ozone 8-hour 2015,2012-07-28,Parts per million,No Events,17,100.0,Y,0.051118,0.065,10,84.0,047,INSTRUMENTAL - ULTRA VIOLET,Garinger High School,1130 EASTWAY DRIVE,North Carolina,Mecklenburg,Charlotte,16740,"Charlotte-Concord-Gastonia, NC-SC",2024-06-03
37,119,0041,44201,1,35.2401,-80.785683,WGS84,Ozone,W,8-HR RUN AVG BEGIN HOUR,Ozone 8-hour 2015,2012-07-29,Parts per million,No Events,17,100.0,Y,0.047059,0.065,11,84.0,047,INSTRUMENTAL - ULTRA VIOLET,Garinger High School,1130 EASTWAY DRIVE,North Carolina,Mecklenburg,Charlotte,16740,"Charlotte-Concord-Gastonia, NC-SC",2024-06-03
37,119,0041,44201,1,35.2401,-80.785683,WGS84,Ozone,W,8-HR RUN AVG BEGIN HOUR,Ozone 8-hour 2015,2012-07-30,Parts per million,No Events,17,100.0,Y,0.040294,0.056,10,54.0,047,INSTRUMENTAL - ULTRA VIOLET,Garinger High School,1130 EASTWAY DRIVE,North Carolina,Mecklenburg,Charlotte,16740,"Charlotte-Concord-Gastonia, NC-SC",2024-06-03
37,119,0041,44201,1,35.2401,-80.785683,WGS84,Ozone,W,8-HR RUN AVG BEGIN HOUR,Ozone 8-hour 2015,2012-07-31,Parts per million,No Events,17,100.0,Y,0.030294,0.045,8,42.0,047,INSTRUMENTAL - ULTRA VIOLET,Garinger High School,1130 EASTWAY DRIVE,North Carolina,Mecklenburg,Charlotte,16740,"Charlotte-Concord-Gastonia, NC-SC",2024-06-03
37,119,0041,44201,1,35.2401,-80.785683,WGS84,Ozone,W,8-HR RUN AVG BEGIN HOUR,Ozone 8-hour 2015,2012-08-01,Parts per million,No Events,17,100.0,Y,0.049294,0.07,10,100.0,047,INSTRUMENTAL - ULTRA VIOLET,Garinger High School,1130 EASTWAY DRIVE,North Carolina,Mecklenburg,Charlotte,16740,"Charlotte-Concord-Gastonia, NC-SC",2024-06-03
37,119,0041,44201,1,35.2401,-80.785683,WGS84,Ozone,W,8-HR RUN AVG BEGIN HOUR,Ozone 8-hour 2015,2012-08-02,Parts per million,No Events,17,100.0,Y,0.058588,0.08,7,133.0,047,INSTRUMENTAL - ULTRA VIOLET,Garinger High School,1130 EASTWAY DRIVE,North Carolina,Mecklenburg,Charlotte,16740,"Charlotte-Concord-Gastonia, NC-SC",2024-06-03
37,119,0041,44201,1,35.2401,-80.785683,WGS84,Ozone,W,8-HR RUN AVG BEGIN HOUR,Ozone 8-hour 2015,2012-08-03,Parts per million,No Events,17,100.0,Y,0.046235,0.057,11,58.0,047,INSTRUMENTAL - ULTRA VIOLET,Garinger High School,1130 EASTWAY DRIVE,North Carolina,Mecklenburg,Charlotte,16740,"Charlotte-Concord-Gastonia, NC-SC",2024-06-03
37,119,0041,44201,1,35.2401,-80.785683,WGS84,Ozone,W,8-HR RUN AVG BEGIN HOUR,Ozone 8-hour 2015,2012-08-04,Parts per million,No Events,17,100.0,Y,0.030647,0.04,9,37.0,047,INSTRUMENTAL - ULTRA VIOLET,Garinger High School,1130 EASTWAY DRIVE,North Carolina,Mecklenburg,Charlotte,16740,"Charlotte-Concord-Gastonia, NC-SC",2024-06-03
37,119,0041,44201,1,35.2401,-80.785683,WGS84,Ozone,W,8-HR RUN AVG BEGIN HOUR,Ozone 8-hour 2015,2012-08-05,Parts per million,No Events,16,94.0,Y,0.019375,0.026,8,24.0,047,INSTRUMENTAL - ULTRA VIOLET,Garinger High School,1130 EASTWAY DRIVE,North Carolina,Mecklenburg,Charlotte,16740,"Charlotte-Concord-Gastonia, NC-SC",2024-06-03
37,119,0041,44201,1,35.2401,-80.785683,WGS84,Ozone,W,8-HR RUN AVG BEGIN HOUR,Ozone 8-hour 2015,2012-08-06,Parts per million,No Events,17,100.0,Y,0.023647,0.037,10,34.0,047,INSTRUMENTAL - ULTRA VIOLET,Garinger High School,1130 EASTWAY DRIVE,North Carolina,Mecklenburg,Charlotte,16740,"Charlotte-Concord-Gastonia, NC-SC",2024-06-03
37,119,0041,44201,1,35.2401,-80.785683,WGS84,Ozone,W,8-HR RUN AVG BEGIN HOUR,Ozone 8-hour 2015,2012-08-07,Parts per million,No Events,17,100.0,Y,0.025,0.035,12,32.0,047,INSTRUMENTAL - ULTRA VIOLET,Garinger High School,1130 EASTWAY DRIVE,North Carolina,Mecklenburg,Charlotte,16740,"Charlotte-Concord-Gastonia, NC-SC",2024-06-03
37,119,0041,44201,1,35.2401,-80.785683,WGS84,Ozone,W,8-HR RUN AVG BEGIN HOUR,Ozone 8-hour 2015,2012-08-11,Parts per million,No Events,17,100.0,Y,0.029412,0.035,9,32.0,047,INSTRUMENTAL - ULTRA VIOLET,Garinger High School,1130 EASTWAY DRIVE,North Carolina,Mecklenburg,Charlotte,16740,"Charlotte-Concord-Gastonia, NC-SC",2024-06-03
37,119,0041,44201,1,35.2401,-80.785683,WGS84,Ozone,W,8-HR RUN AVG BEGIN HOUR,Ozone 8-hour 2015,2012-08-08,Parts per million,No Events,17,100.0,Y,0.021706,0.033,9,31.0,047,INSTRUMENTAL - ULTRA VIOLET,Garinger High School,1130 EASTWAY DRIVE,North Carolina,Mecklenburg,Charlotte,16740,"Charlotte-Concord-Gastonia, NC-SC",2024-06-03
37,119,0041,44201,1,35.2401,-80.785683,WGS84,Ozone,W,8-HR RUN AVG BEGIN HOUR,Ozone 8-hour 2015,2012-08-09,Parts per million,No Events,17,100.0,Y,0.034,0.038,7,35.0,047,INSTRUMENTAL - ULTRA VIOLET,Garinger High School,1130 EASTWAY DRIVE,North Carolina,Mecklenburg,Charlotte,16740,"Charlotte-Concord-Gastonia, NC-SC",2024-06-03
37,119,0041,44201,1,35.2401,-80.785683,WGS84,Ozone,W,8-HR RUN AVG BEGIN HOUR,Ozone 8-hour 2015,2012-08-10,Parts per million,No Events,17,100.0,Y,0.029529,0.035,10,32.0,047,INSTRUMENTAL - ULTRA VIOLET,Garinger High School,1130 EASTWAY DRIVE,North Carolina,Mecklenburg,Charlotte,16740,"Charlotte-Concord-Gastonia, NC-SC",2024-06-03
37,119,0041,44201,1,35.2401,-80.785683,WGS84,Ozone,W,8-HR RUN AVG BEGIN HOUR,Ozone 8-hour 2015,2012-08-12,Parts per million,No Events,17,100.0,Y,0.032824,0.049,11,45.0,047,INSTRUMENTAL - ULTRA VIOLET,Garinger High School,1130 EASTWAY DRIVE,North Carolina,Mecklenburg,Charlotte,16740,"Charlotte-Concord-Gastonia, NC-SC",2024-06-03
37,119,0041,44201,1,35.2401,-80.785683,WGS84,Ozone,W,8-HR RUN AVG BEGIN HOUR,Ozone 8-hour 2015,2012-08-13,Parts per million,No Events,17,100.0,Y,0.036765,0.06,10,67.0,047,INSTRUMENTAL - ULTRA VIOLET,Garinger High School,1130 EASTWAY DRIVE,North Carolina,Mecklenburg,Charlotte,16740,"Charlotte-Concord-Gastonia, NC-SC",2024-06-03
37,119,0041,44201,1,35.2401,-80.785683,WGS84,Ozone,W,8-HR RUN AVG BEGIN HOUR,Ozone 8-hour 2015,2012-08-14,Parts per million,No Events,17,100.0,Y,0.038824,0.053,10,49.0,047,INSTRUMENTAL - ULTRA VIOLET,Garinger High School,1130 EASTWAY DRIVE,North Carolina,Mecklenburg,Charlotte,16740,"Charlotte-Concord-Gastonia, NC-SC",2024-06-03
37,119,0041,44201,1,35.2401,-80.785683,WGS84,Ozone,W,8-HR RUN AVG BEGIN HOUR,Ozone 8-hour 2015,2012-08-15,Parts per million,No Events,17,100.0,Y,0.028118,0.048,10,44.0,047,INSTRUMENTAL - ULTRA VIOLET,Garinger High School,1130 EASTWAY DRIVE,North Carolina,Mecklenburg,Charlotte,16740,"Charlotte-Concord-Gastonia, NC-SC",2024-06-03
37,119,0041,44201,1,35.2401,-80.785683,WGS84,Ozone,W,8-HR RUN AVG BEGIN HOUR,Ozone 8-hour 2015,2012-08-16,Parts per million,No Events,17,100.0,Y,0.043588,0.069,11,97.0,047,INSTRUMENTAL - ULTRA VIOLET,Garinger High School,1130 EASTWAY DRIVE,North Carolina,Mecklenburg,Charlotte,16740,"Charlotte-Concord-Gastonia, NC-SC",2024-06-03
37,119,0041,44201,1,35.2401,-80.785683,WGS84,Ozone,W,8-HR RUN AVG BEGIN HOUR,Ozone 8-hour 2015,2012-08-17,Parts per million,No Events,17,100.0,Y,0.036412,0.059,10,64.0,047,INSTRUMENTAL - ULTRA VIOLET,Garinger High School,1130 EASTWAY DRIVE,North Carolina,Mecklenburg,Charlotte,16740,"Charlotte-Concord-Gastonia, NC-SC",2024-06-03
37,119,0041,44201,1,35.2401,-80.785683,WGS84,Ozone,W,8-HR RUN AVG BEGIN HOUR,Ozone 8-hour 2015,2012-08-18,Parts per million,No Events,17,100.0,Y,0.039765,0.057,10,58.0,047,INSTRUMENTAL - ULTRA VIOLET,Garinger High School,1130 EASTWAY DRIVE,North Carolina,Mecklenburg,Charlotte,16740,"Charlotte-Concord-Gastonia, NC-SC",2024-06-03
37,119,0041,44201,1,35.2401,-80.785683,WGS84,Ozone,W,8-HR RUN AVG BEGIN HOUR,Ozone 8-hour 2015,2012-08-19,Parts per million,No Events,17,100.0,Y,0.036941,0.047,10,44.0,047,INSTRUMENTAL - ULTRA VIOLET,Garinger High School,1130 EASTWAY DRIVE,North Carolina,Mecklenburg,Charlotte,16740,"Charlotte-Concord-Gastonia, NC-SC",2024-06-03
37,119,0041,44201,1,35.2401,-80.785683,WGS84,Ozone,W,8-HR RUN AVG BEGIN HOUR,Ozone 8-hour 2015,2012-08-20,Parts per million,No Events,17,100.0,Y,0.028706,0.052,11,48.0,047,INSTRUMENTAL - ULTRA VIOLET,Garinger High School,1130 EASTWAY DRIVE,North Carolina,Mecklenburg,Charlotte,16740,"Charlotte-Concord-Gastonia, NC-SC",2024-06-03
37,119,0041,44201,1,35.2401,-80.785683,WGS84,Ozone,W,8-HR RUN AVG BEGIN HOUR,Ozone 8-hour 2015,2012-08-21,Parts per million,No Events,17,100.0,Y,0.031882,0.051,10,47.0,047,INSTRUMENTAL - ULTRA VIOLET,Garinger High School,1130 EASTWAY DRIVE,North Carolina,Mecklenburg,Charlotte,16740,"Charlotte-Concord-Gastonia, NC-SC",2024-06-03
37,119,0041,44201,1,35.2401,-80.785683,WGS84,Ozone,W,8-HR RUN AVG BEGIN HOUR,Ozone 8-hour 2015,2012-08-22,Parts per million,No Events,17,100.0,Y,0.034118,0.044,10,41.0,047,INSTRUMENTAL - ULTRA VIOLET,Garinger High School,1130 EASTWAY DRIVE,North Carolina,Mecklenburg,Charlotte,16740,"Charlotte-Concord-Gastonia, NC-SC",2024-06-03
37,119,0041,44201,1,35.2401,-80.785683,WGS84,Ozone,W,8-HR RUN AVG BEGIN HOUR,Ozone 8-hour 2015,2012-08-23,Parts per million,No Events,17,100.0,Y,0.035,0.051,11,47.0,047,INSTRUMENTAL - ULTRA VIOLET,Garinger High School,1130 EASTWAY DRIVE,North Carolina,Mecklenburg,Charlotte,16740,"Charlotte-Concord-Gastonia, NC-SC",2024-06-03
37,119,0041,44201,1,35.2401,-80.785683,WGS84,Ozone,W,8-HR RUN AVG BEGIN HOUR,Ozone 8-hour 2015,2012-08-24,Parts per million,No Events,17,100.0,Y,0.039941,0.057,10,58.0,047,INSTRUMENTAL - ULTRA VIOLET,Garinger High School,1130 EASTWAY DRIVE,North Carolina,Mecklenburg,Charlotte,16740,"Charlotte-Concord-Gastonia, NC-SC",2024-06-03
37,119,0041,44201,1,35.2401,-80.785683,WGS84,Ozone,W,8-HR RUN AVG BEGIN HOUR,Ozone 8-hour 2015,2012-08-25,Parts per million,No Events,17,100.0,Y,0.045,0.067,9,90.0,047,INSTRUMENTAL - ULTRA VIOLET,Garinger High School,1130 EASTWAY DRIVE,North Carolina,Mecklenburg,Charlotte,16740,"Charlotte-Concord-Gastonia, NC-SC",2024-06-03
37,119,0041,44201,1,35.2401,-80.785683,WGS84,Ozone,W,8-HR RUN AVG BEGIN HOUR,Ozone 8-hour 2015,2012-08-26,Parts per million,No Events,17,100.0,Y,0.044941,0.069,10,97.0,047,INSTRUMENTAL - ULTRA VIOLET,Garinger High School,1130 EASTWAY DRIVE,North Carolina,Mecklenburg,Charlotte,16740,"Charlotte-Concord-Gastonia, NC-SC",2024-06-03
37,119,0041,44201,1,35.2401,-80.785683,WGS84,Ozone,W,8-HR RUN AVG BEGIN HOUR,Ozone 8-hour 2015,2012-08-27,Parts per million,No Events,17,100.0,Y,0.020353,0.034,10,31.0,047,INSTRUMENTAL - ULTRA VIOLET,Garinger High School,1130 EASTWAY DRIVE,North Carolina,Mecklenburg,Charlotte,16740,"Charlotte-Concord-Gastonia, NC-SC",2024-06-03
37,119,0041,44201,1,35.2401,-80.785683,WGS84,Ozone,W,8-HR RUN AVG BEGIN HOUR,Ozone 8-hour 2015,2012-08-28,Parts per million,No Events,17,100.0,Y,0.018412,0.03,11,28.0,047,INSTRUMENTAL - ULTRA VIOLET,Garinger High School,1130 EASTWAY DRIVE,North Carolina,Mecklenburg,Charlotte,16740,"Charlotte-Concord-Gastonia, NC-SC",2024-06-03
37,119,0041,44201,1,35.2401,-80.785683,WGS84,Ozone,W,8-HR RUN AVG BEGIN HOUR,Ozone 8-hour 2015,2012-08-29,Parts per million,No Events,17,100.0,Y,0.018471,0.036,10,33.0,047,INSTRUMENTAL - ULTRA VIOLET,Garinger High School,1130 EASTWAY DRIVE,North Carolina,Mecklenburg,Charlotte,16740,"Charlotte-Concord-Gastonia, NC-SC",2024-06-03
37,119,0041,44201,1,35.2401,-80.785683,WGS84,Ozone,W,8-HR RUN AVG BEGIN HOUR,Ozone 8-hour 2015,2012-08-30,Parts per million,No Events,17,100.0,Y,0.016059,0.031,10,29.0,047,INSTRUMENTAL - ULTRA VIOLET,Garinger High School,1130 EASTWAY DRIVE,North Carolina,Mecklenburg,Charlotte,16740,"Charlotte-Concord-Gastonia, NC-SC",2024-06-03
37,119,0041,44201,1,35.2401,-80.785683,WGS84,Ozone,W,8-HR RUN AVG BEGIN HOUR,Ozone 8-hour 2015,2012-08-31,Parts per million,No Events,17,100.0,Y,0.024294,0.041,11,38.0,047,INSTRUMENTAL - ULTRA VIOLET,Garinger High School,1130 EASTWAY DRIVE,North Carolina,Mecklenburg,Charlotte,16740,"Charlotte-Concord-Gastonia, NC-SC",2024-06-03
37,119,0041,44201,1,35.2401,-80.785683,WGS84,Ozone,W,8-HR RUN AVG BEGIN HOUR,Ozone 8-hour 2015,2012-09-01,Parts per million,No Events,17,100.0,Y,0.020353,0.042,9,39.0,047,INSTRUMENTAL - ULTRA VIOLET,Garinger High School,1130 EASTWAY DRIVE,North Carolina,Mecklenburg,Charlotte,16740,"Charlotte-Concord-Gastonia, NC-SC",2024-06-03
37,119,0041,44201,1,35.2401,-80.785683,WGS84,Ozone,W,8-HR RUN AVG BEGIN HOUR,Ozone 8-hour 2015,2012-09-02,Parts per million,No Events,17,100.0,Y,0.014,0.031,8,29.0,047,INSTRUMENTAL - ULTRA VIOLET,Garinger High School,1130 EASTWAY DRIVE,North Carolina,Mecklenburg,Charlotte,16740,"Charlotte-Concord-Gastonia, NC-SC",2024-06-03
37,119,0041,44201,1,35.2401,-80.785683,WGS84,Ozone,W,8-HR RUN AVG BEGIN HOUR,Ozone 8-hour 2015,2012-09-03,Parts per million,No Events,17,100.0,Y,0.017118,0.026,9,24.0,047,INSTRUMENTAL - ULTRA VIOLET,Garinger High School,1130 EASTWAY DRIVE,North Carolina,Mecklenburg,Charlotte,16740,"Charlotte-Concord-Gastonia, NC-SC",2024-06-03
37,119,0041,44201,1,35.2401,-80.785683,WGS84,Ozone,W,8-HR RUN AVG BEGIN HOUR,Ozone 8-hour 2015,2012-09-04,Parts per million,No Events,17,100.0,Y,0.021647,0.03,9,28.0,047,INSTRUMENTAL - ULTRA VIOLET,Garinger High School,1130 EASTWAY DRIVE,North Carolina,Mecklenburg,Charlotte,16740,"Charlotte-Concord-Gastonia, NC-SC",2024-06-03
37,119,0041,44201,1,35.2401,-80.785683,WGS84,Ozone,W,8-HR RUN AVG BEGIN HOUR,Ozone 8-hour 2015,2012-09-05,Parts per million,No Events,17,100.0,Y,0.021176,0.037,11,34.0,047,INSTRUMENTAL - ULTRA VIOLET,Garinger High School,1130 EASTWAY DRIVE,North Carolina,Mecklenburg,Charlotte,16740,"Charlotte-Concord-Gastonia, NC-SC",2024-06-03
37,119,0041,44201,1,35.2401,-80.785683,WGS84,Ozone,W,8-HR RUN AVG BEGIN HOUR,Ozone 8-hour 2015,2012-09-06,Parts per million,No Events,17,100.0,Y,0.022588,0.035,10,32.0,047,INSTRUMENTAL - ULTRA VIOLET,Garinger High School,1130 EASTWAY DRIVE,North Carolina,Mecklenburg,Charlotte,16740,"Charlotte-Concord-Gastonia, NC-SC",2024-06-03
37,119,0041,44201,1,35.2401,-80.785683,WGS84,Ozone,W,8-HR RUN AVG BEGIN HOUR,Ozone 8-hour 2015,2012-09-07,Parts per million,No Events,17,100.0,Y,0.031647,0.05,10,46.0,047,INSTRUMENTAL - ULTRA VIOLET,Garinger High School,1130 EASTWAY DRIVE,North Carolina,Mecklenburg,Charlotte,16740,"Charlotte-Concord-Gastonia, NC-SC",2024-06-03
37,119,0041,44201,1,35.2401,-80.785683,WGS84,Ozone,W,8-HR RUN AVG BEGIN HOUR,Ozone 8-hour 2015,2012-09-08,Parts per million,No Events,17,100.0,Y,0.031765,0.042,10,39.0,047,INSTRUMENTAL - ULTRA VIOLET,Garinger High School,1130 EASTWAY DRIVE,North Carolina,Mecklenburg,Charlotte,16740,"Charlotte-Concord-Gastonia, NC-SC",2024-06-03
37,119,0041,44201,1,35.2401,-80.785683,WGS84,Ozone,W,8-HR RUN AVG BEGIN HOUR,Ozone 8-hour 2015,2012-09-09,Parts per million,No Events,17,100.0,Y,0.024471,0.039,10,36.0,047,INSTRUMENTAL - ULTRA VIOLET,Garinger High School,1130 EASTWAY DRIVE,North Carolina,Mecklenburg,Charlotte,16740,"Charlotte-Concord-Gastonia, NC-SC",2024-06-03
37,119,0041,44201,1,35.2401,-80.785683,WGS84,Ozone,W,8-HR RUN AVG BEGIN HOUR,Ozone 8-hour 2015,2012-09-10,Parts per million,No Events,17,100.0,Y,0.027824,0.046,10,43.0,047,INSTRUMENTAL - ULTRA VIOLET,Garinger High School,1130 EASTWAY DRIVE,North Carolina,Mecklenburg,Charlotte,16740,"Charlotte-Concord-Gastonia, NC-SC",2024-06-03
37,119,0041,44201,1,35.2401,-80.785683,WGS84,Ozone,W,8-HR RUN AVG BEGIN HOUR,Ozone 8-hour 2015,2012-09-11,Parts per million,No Events,17,100.0,Y,0.024765,0.046,10,43.0,047,INSTRUMENTAL - ULTRA VIOLET,Garinger High School,1130 EASTWAY DRIVE,North Carolina,Mecklenburg,Charlotte,16740,"Charlotte-Concord-Gastonia, NC-SC",2024-06-03
37,119,0041,44201,1,35.2401,-80.785683,WGS84,Ozone,W,8-HR RUN AVG BEGIN HOUR,Ozone 8-hour 2015,2012-09-12,Parts per million,No Events,17,100.0,Y,0.034941,0.051,10,47.0,047,INSTRUMENTAL - ULTRA VIOLET,Garinger High School,1130 EASTWAY DRIVE,North Carolina,Mecklenburg,Charlotte,16740,"Charlotte-Concord-Gastonia, NC-SC",2024-06-03
37,119,0041,44201,1,35.2401,-80.785683,WGS84,Ozone,W,8-HR RUN AVG BEGIN HOUR,Ozone 8-hour 2015,2012-09-13,Parts per million,No Events,17,100.0,Y,0.025412,0.043,9,40.0,047,INSTRUMENTAL - ULTRA VIOLET,Garinger High School,1130 EASTWAY DRIVE,North Carolina,Mecklenburg,Charlotte,16740,"Charlotte-Concord-Gastonia, NC-SC",2024-06-03
37,119,0041,44201,1,35.2401,-80.785683,WGS84,Ozone,W,8-HR RUN AVG BEGIN HOUR,Ozone 8-hour 2015,2012-09-14,Parts per million,No Events,17,100.0,Y,0.024294,0.049,11,45.0,047,INSTRUMENTAL - ULTRA VIOLET,Garinger High School,1130 EASTWAY DRIVE,North Carolina,Mecklenburg,Charlotte,16740,"Charlotte-Concord-Gastonia, NC-SC",2024-06-03
37,119,0041,44201,1,35.2401,-80.785683,WGS84,Ozone,W,8-HR RUN AVG BEGIN HOUR,Ozone 8-hour 2015,2012-09-15,Parts per million,No Events,17,100.0,Y,0.041118,0.062,10,74.0,047,INSTRUMENTAL - ULTRA VIOLET,Garinger High School,1130 EASTWAY DRIVE,North Carolina,Mecklenburg,Charlotte,16740,"Charlotte-Concord-Gastonia, NC-SC",2024-06-03
37,119,0041,44201,1,35.2401,-80.785683,WGS84,Ozone,W,8-HR RUN AVG BEGIN HOUR,Ozone 8-hour 2015,2012-09-16,Parts per million,No Events,17,100.0,Y,0.019941,0.024,9,22.0,047,INSTRUMENTAL - ULTRA VIOLET,Garinger High School,1130 EASTWAY DRIVE,North Carolina,Mecklenburg,Charlotte,16740,"Charlotte-Concord-Gastonia, NC-SC",2024-06-03
37,119,0041,44201,1,35.2401,-80.785683,WGS84,Ozone,W,8-HR RUN AVG BEGIN HOUR,Ozone 8-hour 2015,2012-09-17,Parts per million,No Events,17,100.0,Y,0.019235,0.022,10,20.0,047,INSTRUMENTAL - ULTRA VIOLET,Garinger High School,1130 EASTWAY DRIVE,North Carolina,Mecklenburg,Charlotte,16740,"Charlotte-Concord-Gastonia, NC-SC",2024-06-03
37,119,0041,44201,1,35.2401,-80.785683,WGS84,Ozone,W,8-HR RUN AVG BEGIN HOUR,Ozone 8-hour 2015,2012-09-18,Parts per million,No Events,17,100.0,Y,0.018765,0.025,10,23.0,047,INSTRUMENTAL - ULTRA VIOLET,Garinger High School,1130 EASTWAY DRIVE,North Carolina,Mecklenburg,Charlotte,16740,"Charlotte-Concord-Gastonia, NC-SC",2024-06-03
37,119,0041,44201,1,35.2401,-80.785683,WGS84,Ozone,W,8-HR RUN AVG BEGIN HOUR,Ozone 8-hour 2015,2012-09-19,Parts per million,No Events,17,100.0,Y,0.027824,0.039,11,36.0,047,INSTRUMENTAL - ULTRA VIOLET,Garinger High School,1130 EASTWAY DRIVE,North Carolina,Mecklenburg,Charlotte,16740,"Charlotte-Concord-Gastonia, NC-SC",2024-06-03
37,119,0041,44201,1,35.2401,-80.785683,WGS84,Ozone,W,8-HR RUN AVG BEGIN HOUR,Ozone 8-hour 2015,2012-09-20,Parts per million,No Events,17,100.0,Y,0.026294,0.047,10,44.0,047,INSTRUMENTAL - ULTRA VIOLET,Garinger High School,1130 EASTWAY DRIVE,North Carolina,Mecklenburg,Charlotte,16740,"Charlotte-Concord-Gastonia, NC-SC",2024-06-03
37,119,0041,44201,1,35.2401,-80.785683,WGS84,Ozone,W,8-HR RUN AVG BEGIN HOUR,Ozone 8-hour 2015,2012-09-21,Parts per million,No Events,17,100.0,Y,0.032471,0.043,10,40.0,047,INSTRUMENTAL - ULTRA VIOLET,Garinger High School,1130 EASTWAY DRIVE,North Carolina,Mecklenburg,Charlotte,16740,"Charlotte-Concord-Gastonia, NC-SC",2024-06-03
37,119,0041,44201,1,35.2401,-80.785683,WGS84,Ozone,W,8-HR RUN AVG BEGIN HOUR,Ozone 8-hour 2015,2012-09-22,Parts per million,No Events,17,100.0,Y,0.038941,0.047,10,44.0,047,INSTRUMENTAL - ULTRA VIOLET,Garinger High School,1130 EASTWAY DRIVE,North Carolina,Mecklenburg,Charlotte,16740,"Charlotte-Concord-Gastonia, NC-SC",2024-06-03
37,119,0041,44201,1,35.2401,-80.785683,WGS84,Ozone,W,8-HR RUN AVG BEGIN HOUR,Ozone 8-hour 2015,2012-09-23,Parts per million,No Events,17,100.0,Y,0.037588,0.053,10,49.0,047,INSTRUMENTAL - ULTRA VIOLET,Garinger High School,1130 EASTWAY DRIVE,North Carolina,Mecklenburg,Charlotte,16740,"Charlotte-Concord-Gastonia, NC-SC",2024-06-03
37,119,0041,44201,1,35.2401,-80.785683,WGS84,Ozone,W,8-HR RUN AVG BEGIN HOUR,Ozone 8-hour 2015,2012-09-24,Parts per million,No Events,17,100.0,Y,0.025176,0.048,10,44.0,047,INSTRUMENTAL - ULTRA VIOLET,Garinger High School,1130 EASTWAY DRIVE,North Carolina,Mecklenburg,Charlotte,16740,"Charlotte-Concord-Gastonia, NC-SC",2024-06-03
37,119,0041,44201,1,35.2401,-80.785683,WGS84,Ozone,W,8-HR RUN AVG BEGIN HOUR,Ozone 8-hour 2015,2012-09-25,Parts per million,No Events,17,100.0,Y,0.035824,0.055,10,51.0,047,INSTRUMENTAL - ULTRA VIOLET,Garinger High School,1130 EASTWAY DRIVE,North Carolina,Mecklenburg,Charlotte,16740,"Charlotte-Concord-Gastonia, NC-SC",2024-06-03
37,119,0041,44201,1,35.2401,-80.785683,WGS84,Ozone,W,8-HR RUN AVG BEGIN HOUR,Ozone 8-hour 2015,2012-09-26,Parts per million,No Events,17,100.0,Y,0.032824,0.056,10,54.0,047,INSTRUMENTAL - ULTRA VIOLET,Garinger High School,1130 EASTWAY DRIVE,North Carolina,Mecklenburg,Charlotte,16740,"Charlotte-Concord-Gastonia, NC-SC",2024-06-03
37,119,0041,44201,1,35.2401,-80.785683,WGS84,Ozone,W,8-HR RUN AVG BEGIN HOUR,Ozone 8-hour 2015,2012-09-27,Parts per million,No Events,17,100.0,Y,0.028941,0.06,10,67.0,047,INSTRUMENTAL - ULTRA VIOLET,Garinger High School,1130 EASTWAY DRIVE,North Carolina,Mecklenburg,Charlotte,16740,"Charlotte-Concord-Gastonia, NC-SC",2024-06-03
37,119,0041,44201,1,35.2401,-80.785683,WGS84,Ozone,W,8-HR RUN AVG BEGIN HOUR,Ozone 8-hour 2015,2012-09-28,Parts per million,No Events,17,100.0,Y,0.032412,0.05,11,46.0,047,INSTRUMENTAL - ULTRA VIOLET,Garinger High School,1130 EASTWAY DRIVE,North Carolina,Mecklenburg,Charlotte,16740,"Charlotte-Concord-Gastonia, NC-SC",2024-06-03
37,119,0041,44201,1,35.2401,-80.785683,WGS84,Ozone,W,8-HR RUN AVG BEGIN HOUR,Ozone 8-hour 2015,2012-09-29,Parts per million,No Events,17,100.0,Y,0.019294,0.026,11,24.0,047,INSTRUMENTAL - ULTRA VIOLET,Garinger High School,1130 EASTWAY DRIVE,North Carolina,Mecklenburg,Charlotte,16740,"Charlotte-Concord-Gastonia, NC-SC",2024-06-03
37,119,0041,44201,1,35.2401,-80.785683,WGS84,Ozone,W,8-HR RUN AVG BEGIN HOUR,Ozone 8-hour 2015,2012-09-30,Parts per million,No Events,17,100.0,Y,0.023294,0.037,9,34.0,047,INSTRUMENTAL - ULTRA VIOLET,Garinger High School,1130 EASTWAY DRIVE,North Carolina,Mecklenburg,Charlotte,16740,"Charlotte-Concord-Gastonia, NC-SC",2024-06-03
37,119,0041,44201,1,35.2401,-80.785683,WGS84,Ozone,W,8-HR RUN AVG BEGIN HOUR,Ozone 8-hour 2015,2012-10-01,Parts per million,No Events,17,100.0,Y,0.020235,0.031,7,29.0,047,INSTRUMENTAL - ULTRA VIOLET,Garinger High School,1130 EASTWAY DRIVE,North Carolina,Mecklenburg,Charlotte,16740,"Charlotte-Concord-Gastonia, NC-SC",2024-06-03
37,119,0041,44201,1,35.2401,-80.785683,WGS84,Ozone,W,8-HR RUN AVG BEGIN HOUR,Ozone 8-hour 2015,2012-10-02,Parts per million,No Events,17,100.0,Y,0.014588,0.028,11,26.0,047,INSTRUMENTAL - ULTRA VIOLET,Garinger High School,1130 EASTWAY DRIVE,North Carolina,Mecklenburg,Charlotte,16740,"Charlotte-Concord-Gastonia, NC-SC",2024-06-03
37,119,0041,44201,1,35.2401,-80.785683,WGS84,Ozone,W,8-HR RUN AVG BEGIN HOUR,Ozone 8-hour 2015,2012-10-03,Parts per million,No Events,17,100.0,Y,0.021294,0.032,10,30.0,047,INSTRUMENTAL - ULTRA VIOLET,Garinger High School,1130 EASTWAY DRIVE,North Carolina,Mecklenburg,Charlotte,16740,"Charlotte-Concord-Gastonia, NC-SC",2024-06-03
37,119,0041,44201,1,35.2401,-80.785683,WGS84,Ozone,W,8-HR RUN AVG BEGIN HOUR,Ozone 8-hour 2015,2012-10-04,Parts per million,No Events,17,100.0,Y,0.021529,0.046,10,43.0,047,INSTRUMENTAL - ULTRA VIOLET,Garinger High School,1130 EASTWAY DRIVE,North Carolina,Mecklenburg,Charlotte,16740,"Charlotte-Concord-Gastonia, NC-SC",2024-06-03
37,119,0041,44201,1,35.2401,-80.785683,WGS84,Ozone,W,8-HR RUN AVG BEGIN HOUR,Ozone 8-hour 2015,2012-10-05,Parts per million,No Events,17,100.0,Y,0.034882,0.058,10,61.0,047,INSTRUMENTAL - ULTRA VIOLET,Garinger High School,1130 EASTWAY DRIVE,North Carolina,Mecklenburg,Charlotte,16740,"Charlotte-Concord-Gastonia, NC-SC",2024-06-03
37,119,0041,44201,1,35.2401,-80.785683,WGS84,Ozone,W,8-HR RUN AVG BEGIN HOUR,Ozone 8-hour 2015,2012-10-06,Parts per million,No Events,17,100.0,Y,0.035824,0.055,10,51.0,047,INSTRUMENTAL - ULTRA VIOLET,Garinger High School,1130 EASTWAY DRIVE,North Carolina,Mecklenburg,Charlotte,16740,"Charlotte-Concord-Gastonia, NC-SC",2024-06-03
37,119,0041,44201,1,35.2401,-80.785683,WGS84,Ozone,W,8-HR RUN AVG BEGIN HOUR,Ozone 8-hour 2015,2012-10-07,Parts per million,No Events,17,100.0,Y,0.020294,0.024,10,22.0,047,INSTRUMENTAL - ULTRA VIOLET,Garinger High School,1130 EASTWAY DRIVE,North Carolina,Mecklenburg,Charlotte,16740,"Charlotte-Concord-Gastonia, NC-SC",2024-06-03
37,119,0041,44201,1,35.2401,-80.785683,WGS84,Ozone,W,8-HR RUN AVG BEGIN HOUR,Ozone 8-hour 2015,2012-10-08,Parts per million,No Events,17,100.0,Y,0.015529,0.016,12,15.0,047,INSTRUMENTAL - ULTRA VIOLET,Garinger High School,1130 EASTWAY DRIVE,North Carolina,Mecklenburg,Charlotte,16740,"Charlotte-Concord-Gastonia, NC-SC",2024-06-03
37,119,0041,44201,1,35.2401,-80.785683,WGS84,Ozone,W,8-HR RUN AVG BEGIN HOUR,Ozone 8-hour 2015,2012-10-09,Parts per million,No Events,17,100.0,Y,0.015588,0.021,11,19.0,047,INSTRUMENTAL - ULTRA VIOLET,Garinger High School,1130 EASTWAY DRIVE,North Carolina,Mecklenburg,Charlotte,16740,"Charlotte-Concord-Gastonia, NC-SC",2024-06-03
37,119,0041,44201,1,35.2401,-80.785683,WGS84,Ozone,W,8-HR RUN AVG BEGIN HOUR,Ozone 8-hour 2015,2012-10-10,Parts per million,No Events,17,100.0,Y,0.027647,0.033,10,31.0,047,INSTRUMENTAL - ULTRA VIOLET,Garinger High School,1130 EASTWAY DRIVE,North Carolina,Mecklenburg,Charlotte,16740,"Charlotte-Concord-Gastonia, NC-SC",2024-06-03
37,119,0041,44201,1,35.2401,-80.785683,WGS84,Ozone,W,8-HR RUN AVG BEGIN HOUR,Ozone 8-hour 2015,2012-10-11,Parts per million,No Events,17,100.0,Y,0.019882,0.042,10,39.0,047,INSTRUMENTAL - ULTRA VIOLET,Garinger High School,1130 EASTWAY DRIVE,North Carolina,Mecklenburg,Charlotte,16740,"Charlotte-Concord-Gastonia, NC-SC",2024-06-03
37,119,0041,44201,1,35.2401,-80.785683,WGS84,Ozone,W,8-HR RUN AVG BEGIN HOUR,Ozone 8-hour 2015,2012-10-12,Parts per million,No Events,17,100.0,Y,0.024412,0.04,10,37.0,047,INSTRUMENTAL - ULTRA VIOLET,Garinger High School,1130 EASTWAY DRIVE,North Carolina,Mecklenburg,Charlotte,16740,"Charlotte-Concord-Gastonia, NC-SC",2024-06-03
37,119,0041,44201,1,35.2401,-80.785683,WGS84,Ozone,W,8-HR RUN AVG BEGIN HOUR,Ozone 8-hour 2015,2012-10-13,Parts per million,No Events,17,100.0,Y,0.019235,0.04,10,37.0,047,INSTRUMENTAL - ULTRA VIOLET,Garinger High School,1130 EASTWAY DRIVE,North Carolina,Mecklenburg,Charlotte,16740,"Charlotte-Concord-Gastonia, NC-SC",2024-06-03
37,119,0041,44201,1,35.2401,-80.785683,WGS84,Ozone,W,8-HR RUN AVG BEGIN HOUR,Ozone 8-hour 2015,2012-10-14,Parts per million,No Events,17,100.0,Y,0.023941,0.034,10,31.0,047,INSTRUMENTAL - ULTRA VIOLET,Garinger High School,1130 EASTWAY DRIVE,North Carolina,Mecklenburg,Charlotte,16740,"Charlotte-Concord-Gastonia, NC-SC",2024-06-03
37,119,0041,44201,1,35.2401,-80.785683,WGS84,Ozone,W,8-HR RUN AVG BEGIN HOUR,Ozone 8-hour 2015,2012-10-15,Parts per million,No Events,17,100.0,Y,0.024765,0.031,12,29.0,047,INSTRUMENTAL - ULTRA VIOLET,Garinger High School,1130 EASTWAY DRIVE,North Carolina,Mecklenburg,Charlotte,16740,"Charlotte-Concord-Gastonia, NC-SC",2024-06-03
37,119,0041,44201,1,35.2401,-80.785683,WGS84,Ozone,W,8-HR RUN AVG BEGIN HOUR,Ozone 8-hour 2015,2012-10-16,Parts per million,No Events,17,100.0,Y,0.016706,0.039,9,36.0,047,INSTRUMENTAL - ULTRA VIOLET,Garinger High School,1130 EASTWAY DRIVE,North Carolina,Mecklenburg,Charlotte,16740,"Charlotte-Concord-Gastonia, NC-SC",2024-06-03
37,119,0041,44201,1,35.2401,-80.785683,WGS84,Ozone,W,8-HR RUN AVG BEGIN HOUR,Ozone 8-hour 2015,2012-10-17,Parts per million,No Events,17,100.0,Y,0.029706,0.042,10,39.0,047,INSTRUMENTAL - ULTRA VIOLET,Garinger High School,1130 EASTWAY DRIVE,North Carolina,Mecklenburg,Charlotte,16740,"Charlotte-Concord-Gastonia, NC-SC",2024-06-03
37,119,0041,44201,1,35.2401,-80.785683,WGS84,Ozone,W,8-HR RUN AVG BEGIN HOUR,Ozone 8-hour 2015,2012-10-18,Parts per million,No Events,17,100.0,Y,0.018824,0.037,10,34.0,047,INSTRUMENTAL - ULTRA VIOLET,Garinger High School,1130 EASTWAY DRIVE,North Carolina,Mecklenburg,Charlotte,16740,"Charlotte-Concord-Gastonia, NC-SC",2024-06-03
37,119,0041,44201,1,35.2401,-80.785683,WGS84,Ozone,W,8-HR RUN AVG BEGIN HOUR,Ozone 8-hour 2015,2012-10-19,Parts per million,No Events,17,100.0,Y,0.029412,0.041,10,38.0,047,INSTRUMENTAL - ULTRA VIOLET,Garinger High School,1130 EASTWAY DRIVE,North Carolina,Mecklenburg,Charlotte,16740,"Charlotte-Concord-Gastonia, NC-SC",2024-06-03
37,119,0041,44201,1,35.2401,-80.785683,WGS84,Ozone,W,8-HR RUN AVG BEGIN HOUR,Ozone 8-hour 2015,2012-10-20,Parts per million,No Events,17,100.0,Y,0.025412,0.037,10,34.0,047,INSTRUMENTAL - ULTRA VIOLET,Garinger High School,1130 EASTWAY DRIVE,North Carolina,Mecklenburg,Charlotte,16740,"Charlotte-Concord-Gastonia, NC-SC",2024-06-03
37,119,0041,44201,1,35.2401,-80.785683,WGS84,Ozone,W,8-HR RUN AVG BEGIN HOUR,Ozone 8-hour 2015,2012-10-21,Parts per million,No Events,17,100.0,Y,0.015882,0.035,9,32.0,047,INSTRUMENTAL - ULTRA VIOLET,Garinger High School,1130 EASTWAY DRIVE,North Carolina,Mecklenburg,Charlotte,16740,"Charlotte-Concord-Gastonia, NC-SC",2024-06-03
37,119,0041,44201,1,35.2401,-80.785683,WGS84,Ozone,W,8-HR RUN AVG BEGIN HOUR,Ozone 8-hour 2015,2012-10-24,Parts per million,No Events,17,100.0,Y,0.023118,0.051,10,47.0,047,INSTRUMENTAL - ULTRA VIOLET,Garinger High School,1130 EASTWAY DRIVE,North Carolina,Mecklenburg,Charlotte,16740,"Charlotte-Concord-Gastonia, NC-SC",2024-06-03
37,119,0041,44201,1,35.2401,-80.785683,WGS84,Ozone,W,8-HR RUN AVG BEGIN HOUR,Ozone 8-hour 2015,2012-10-22,Parts per million,No Events,17,100.0,Y,0.018765,0.039,10,36.0,047,INSTRUMENTAL - ULTRA VIOLET,Garinger High School,1130 EASTWAY DRIVE,North Carolina,Mecklenburg,Charlotte,16740,"Charlotte-Concord-Gastonia, NC-SC",2024-06-03
37,119,0041,44201,1,35.2401,-80.785683,WGS84,Ozone,W,8-HR RUN AVG BEGIN HOUR,Ozone 8-hour 2015,2012-10-23,Parts per million,No Events,17,100.0,Y,0.026588,0.052,10,48.0,047,INSTRUMENTAL - ULTRA VIOLET,Garinger High School,1130 EASTWAY DRIVE,North Carolina,Mecklenburg,Charlotte,16740,"Charlotte-Concord-Gastonia, NC-SC",2024-06-03
37,119,0041,44201,1,35.2401,-80.785683,WGS84,Ozone,W,8-HR RUN AVG BEGIN HOUR,Ozone 8-hour 2015,2012-10-25,Parts per million,No Events,17,100.0,Y,0.022353,0.04,10,37.0,047,INSTRUMENTAL - ULTRA VIOLET,Garinger High School,1130 EASTWAY DRIVE,North Carolina,Mecklenburg,Charlotte,16740,"Charlotte-Concord-Gastonia, NC-SC",2024-06-03
37,119,0041,44201,1,35.2401,-80.785683,WGS84,Ozone,W,8-HR RUN AVG BEGIN HOUR,Ozone 8-hour 2015,2012-10-26,Parts per million,No Events,17,100.0,Y,0.037059,0.048,11,44.0,047,INSTRUMENTAL - ULTRA VIOLET,Garinger High School,1130 EASTWAY DRIVE,North Carolina,Mecklenburg,Charlotte,16740,"Charlotte-Concord-Gastonia, NC-SC",2024-06-03
37,119,0041,44201,1,35.2401,-80.785683,WGS84,Ozone,W,8-HR RUN AVG BEGIN HOUR,Ozone 8-hour 2015,2012-10-27,Parts per million,No Events,17,100.0,Y,0.030765,0.035,10,32.0,047,INSTRUMENTAL - ULTRA VIOLET,Garinger High School,1130 EASTWAY DRIVE,North Carolina,Mecklenburg,Charlotte,16740,"Charlotte-Concord-Gastonia, NC-SC",2024-06-03
37,119,0041,44201,1,35.2401,-80.785683,WGS84,Ozone,W,8-HR RUN AVG BEGIN HOUR,Ozone 8-hour 2015,2012-10-28,Parts per million,No Events,17,100.0,Y,0.024941,0.034,10,31.0,047,INSTRUMENTAL - ULTRA VIOLET,Garinger High School,1130 EASTWAY DRIVE,North Carolina,Mecklenburg,Charlotte,16740,"Charlotte-Concord-Gastonia, NC-SC",2024-06-03
37,119,0041,44201,1,35.2401,-80.785683,WGS84,Ozone,W,8-HR RUN AVG BEGIN HOUR,Ozone 8-hour 2015,2012-10-29,Parts per million,No Events,17,100.0,Y,0.022,0.027,22,25.0,047,INSTRUMENTAL - ULTRA VIOLET,Garinger High School,1130 EASTWAY DRIVE,North Carolina,Mecklenburg,Charlotte,16740,"Charlotte-Concord-Gastonia, NC-SC",2024-06-03
37,119,0041,44201,1,35.2401,-80.785683,WGS84,Ozone,W,8-HR RUN AVG BEGIN HOUR,Ozone 8-hour 2015,2012-10-30,Parts per million,No Events,17,100.0,Y,0.020647,0.025,7,23.0,047,INSTRUMENTAL - ULTRA VIOLET,Garinger High School,1130 EASTWAY DRIVE,North Carolina,Mecklenburg,Charlotte,16740,"Charlotte-Concord-Gastonia, NC-SC",2024-06-03
37,119,0041,44201,1,35.2401,-80.785683,WGS84,Ozone,W,8-HR RUN AVG BEGIN HOUR,Ozone 8-hour 2015,2012-10-31,Parts per million,No Events,17,100.0,Y,0.013353,0.027,9,25.0,047,INSTRUMENTAL - ULTRA VIOLET,Garinger High School,1130 EASTWAY DRIVE,North Carolina,Mecklenburg,Charlotte,16740,"Charlotte-Concord-Gastonia, NC-SC",2024-06-03
37,119,0041,44201,1,35.2401,-80.785683,WGS84,Ozone,W,8-HR RUN AVG BEGIN HOUR,Ozone 8-hour 2015,2012-11-01,Parts per million,No Events,17,100.0,Y,0.022824,0.033,9,31.0,047,INSTRUMENTAL - ULTRA VIOLET,Garinger High School,1130 EASTWAY DRIVE,North Carolina,Mecklenburg,Charlotte,16740,"Charlotte-Concord-Gastonia, NC-SC",2024-06-03
37,119,0041,44201,1,35.2401,-80.785683,WGS84,Ozone,W,8-HR RUN AVG BEGIN HOUR,Ozone 8-hour 2015,2012-11-02,Parts per million,No Events,17,100.0,Y,0.023765,0.042,11,39.0,047,INSTRUMENTAL - ULTRA VIOLET,Garinger High School,1130 EASTWAY DRIVE,North Carolina,Mecklenburg,Charlotte,16740,"Charlotte-Concord-Gastonia, NC-SC",2024-06-03
37,119,0041,44201,1,35.2401,-80.785683,WGS84,Ozone,W,8-HR RUN AVG BEGIN HOUR,Ozone 8-hour 2015,2012-11-03,Parts per million,No Events,17,100.0,Y,0.030706,0.044,10,41.0,047,INSTRUMENTAL - ULTRA VIOLET,Garinger High School,1130 EASTWAY DRIVE,North Carolina,Mecklenburg,Charlotte,16740,"Charlotte-Concord-Gastonia, NC-SC",2024-06-03
37,119,0041,44201,1,35.2401,-80.785683,WGS84,Ozone,W,8-HR RUN AVG BEGIN HOUR,Ozone 8-hour 2015,2012-11-04,Parts per million,No Events,17,100.0,Y,0.028118,0.035,8,32.0,047,INSTRUMENTAL - ULTRA VIOLET,Garinger High School,1130 EASTWAY DRIVE,North Carolina,Mecklenburg,Charlotte,16740,"Charlotte-Concord-Gastonia, NC-SC",2024-06-03
37,119,0041,44201,1,35.2401,-80.785683,WGS84,Ozone,W,8-HR RUN AVG BEGIN HOUR,Ozone 8-hour 2015,2012-11-05,Parts per million,No Events,17,100.0,Y,0.028706,0.039,9,36.0,047,INSTRUMENTAL - ULTRA VIOLET,Garinger High School,1130 EASTWAY DRIVE,North Carolina,Mecklenburg,Charlotte,16740,"Charlotte-Concord-Gastonia, NC-SC",2024-06-03
37,119,0041,44201,1,35.2401,-80.785683,WGS84,Ozone,W,8-HR RUN AVG BEGIN HOUR,Ozone 8-hour 2015,2012-11-06,Parts per million,No Events,17,100.0,Y,0.014882,0.022,8,20.0,047,INSTRUMENTAL - ULTRA VIOLET,Garinger High School,1130 EASTWAY DRIVE,North Carolina,Mecklenburg,Charlotte,16740,"Charlotte-Concord-Gastonia, NC-SC",2024-06-03
37,119,0041,44201,1,35.2401,-80.785683,WGS84,Ozone,W,8-HR RUN AVG BEGIN HOUR,Ozone 8-hour 2015,2012-11-07,Parts per million,No Events,17,100.0,Y,0.012353,0.026,9,24.0,047,INSTRUMENTAL - ULTRA VIOLET,Garinger High School,1130 EASTWAY DRIVE,North Carolina,Mecklenburg,Charlotte,16740,"Charlotte-Concord-Gastonia, NC-SC",2024-06-03
37,119,0041,44201,1,35.2401,-80.785683,WGS84,Ozone,W,8-HR RUN AVG BEGIN HOUR,Ozone 8-hour 2015,2012-11-08,Parts per million,No Events,17,100.0,Y,0.021647,0.04,10,37.0,047,INSTRUMENTAL - ULTRA VIOLET,Garinger High School,1130 EASTWAY DRIVE,North Carolina,Mecklenburg,Charlotte,16740,"Charlotte-Concord-Gastonia, NC-SC",2024-06-03
37,119,0041,44201,1,35.2401,-80.785683,WGS84,Ozone,W,8-HR RUN AVG BEGIN HOUR,Ozone 8-hour 2015,2012-11-09,Parts per million,No Events,17,100.0,Y,0.016118,0.036,10,33.0,047,INSTRUMENTAL - ULTRA VIOLET,Garinger High School,1130 EASTWAY DRIVE,North Carolina,Mecklenburg,Charlotte,16740,"Charlotte-Concord-Gastonia, NC-SC",2024-06-03
37,119,0041,44201,1,35.2401,-80.785683,WGS84,Ozone,W,8-HR RUN AVG BEGIN HOUR,Ozone 8-hour 2015,2012-11-10,Parts per million,No Events,17,100.0,Y,0.026882,0.05,10,46.0,047,INSTRUMENTAL - ULTRA VIOLET,Garinger High School,1130 EASTWAY DRIVE,North Carolina,Mecklenburg,Charlotte,16740,"Charlotte-Concord-Gastonia, NC-SC",2024-06-03
37,119,0041,44201,1,35.2401,-80.785683,WGS84,Ozone,W,8-HR RUN AVG BEGIN HOUR,Ozone 8-hour 2015,2012-11-11,Parts per million,No Events,17,100.0,Y,0.032765,0.048,9,44.0,047,INSTRUMENTAL - ULTRA VIOLET,Garinger High School,1130 EASTWAY DRIVE,North Carolina,Mecklenburg,Charlotte,16740,"Charlotte-Concord-Gastonia, NC-SC",2024-06-03
37,119,0041,44201,1,35.2401,-80.785683,WGS84,Ozone,W,8-HR RUN AVG BEGIN HOUR,Ozone 8-hour 2015,2012-11-12,Parts per million,No Events,17,100.0,Y,0.032765,0.038,11,35.0,047,INSTRUMENTAL - ULTRA VIOLET,Garinger High School,1130 EASTWAY DRIVE,North Carolina,Mecklenburg,Charlotte,16740,"Charlotte-Concord-Gastonia, NC-SC",2024-06-03
37,119,0041,44201,1,35.2401,-80.785683,WGS84,Ozone,W,8-HR RUN AVG BEGIN HOUR,Ozone 8-hour 2015,2012-11-13,Parts per million,No Events,17,100.0,Y,0.019529,0.026,9,24.0,047,INSTRUMENTAL - ULTRA VIOLET,Garinger High School,1130 EASTWAY DRIVE,North Carolina,Mecklenburg,Charlotte,16740,"Charlotte-Concord-Gastonia, NC-SC",2024-06-03
37,119,0041,44201,1,35.2401,-80.785683,WGS84,Ozone,W,8-HR RUN AVG BEGIN HOUR,Ozone 8-hour 2015,2012-11-14,Parts per million,No Events,17,100.0,Y,0.024824,0.029,9,27.0,047,INSTRUMENTAL - ULTRA VIOLET,Garinger High School,1130 EASTWAY DRIVE,North Carolina,Mecklenburg,Charlotte,16740,"Charlotte-Concord-Gastonia, NC-SC",2024-06-03
37,119,0041,44201,1,35.2401,-80.785683,WGS84,Ozone,W,8-HR RUN AVG BEGIN HOUR,Ozone 8-hour 2015,2012-11-15,Parts per million,No Events,17,100.0,Y,0.007471,0.013,9,12.0,047,INSTRUMENTAL - ULTRA VIOLET,Garinger High School,1130 EASTWAY DRIVE,North Carolina,Mecklenburg,Charlotte,16740,"Charlotte-Concord-Gastonia, NC-SC",2024-06-03
37,119,0041,44201,1,35.2401,-80.785683,WGS84,Ozone,W,8-HR RUN AVG BEGIN HOUR,Ozone 8-hour 2015,2012-11-16,Parts per million,No Events,17,100.0,Y,0.012176,0.026,10,24.0,047,INSTRUMENTAL - ULTRA VIOLET,Garinger High School,1130 EASTWAY DRIVE,North Carolina,Mecklenburg,Charlotte,16740,"Charlotte-Concord-Gastonia, NC-SC",2024-06-03
37,119,0041,44201,1,35.2401,-80.785683,WGS84,Ozone,W,8-HR RUN AVG BEGIN HOUR,Ozone 8-hour 2015,2012-11-17,Parts per million,No Events,17,100.0,Y,0.026765,0.031,11,29.0,047,INSTRUMENTAL - ULTRA VIOLET,Garinger High School,1130 EASTWAY DRIVE,North Carolina,Mecklenburg,Charlotte,16740,"Charlotte-Concord-Gastonia, NC-SC",2024-06-03
37,119,0041,44201,1,35.2401,-80.785683,WGS84,Ozone,W,8-HR RUN AVG BEGIN HOUR,Ozone 8-hour 2015,2012-11-18,Parts per million,No Events,17,100.0,Y,0.031647,0.033,10,31.0,047,INSTRUMENTAL - ULTRA VIOLET,Garinger High School,1130 EASTWAY DRIVE,North Carolina,Mecklenburg,Charlotte,16740,"Charlotte-Concord-Gastonia, NC-SC",2024-06-03
37,119,0041,44201,1,35.2401,-80.785683,WGS84,Ozone,W,8-HR RUN AVG BEGIN HOUR,Ozone 8-hour 2015,2012-11-19,Parts per million,No Events,17,100.0,Y,0.022765,0.032,9,30.0,047,INSTRUMENTAL - ULTRA VIOLET,Garinger High School,1130 EASTWAY DRIVE,North Carolina,Mecklenburg,Charlotte,16740,"Charlotte-Concord-Gastonia, NC-SC",2024-06-03
37,119,0041,44201,1,35.2401,-80.785683,WGS84,Ozone,W,8-HR RUN AVG BEGIN HOUR,Ozone 8-hour 2015,2012-11-20,Parts per million,No Events,17,100.0,Y,0.013059,0.03,10,28.0,047,INSTRUMENTAL - ULTRA VIOLET,Garinger High School,1130 EASTWAY DRIVE,North Carolina,Mecklenburg,Charlotte,16740,"Charlotte-Concord-Gastonia, NC-SC",2024-06-03
37,119,0041,44201,1,35.2401,-80.785683,WGS84,Ozone,W,8-HR RUN AVG BEGIN HOUR,Ozone 8-hour 2015,2012-11-21,Parts per million,No Events,17,100.0,Y,0.018412,0.033,10,31.0,047,INSTRUMENTAL - ULTRA VIOLET,Garinger High School,1130 EASTWAY DRIVE,North Carolina,Mecklenburg,Charlotte,16740,"Charlotte-Concord-Gastonia, NC-SC",2024-06-03
37,119,0041,44201,1,35.2401,-80.785683,WGS84,Ozone,W,8-HR RUN AVG BEGIN HOUR,Ozone 8-hour 2015,2012-11-22,Parts per million,No Events,17,100.0,Y,0.018588,0.039,10,36.0,047,INSTRUMENTAL - ULTRA VIOLET,Garinger High School,1130 EASTWAY DRIVE,North Carolina,Mecklenburg,Charlotte,16740,"Charlotte-Concord-Gastonia, NC-SC",2024-06-03
37,119,0041,44201,1,35.2401,-80.785683,WGS84,Ozone,W,8-HR RUN AVG BEGIN HOUR,Ozone 8-hour 2015,2012-11-23,Parts per million,No Events,17,100.0,Y,0.033176,0.04,10,37.0,047,INSTRUMENTAL - ULTRA VIOLET,Garinger High School,1130 EASTWAY DRIVE,North Carolina,Mecklenburg,Charlotte,16740,"Charlotte-Concord-Gastonia, NC-SC",2024-06-03
37,119,0041,44201,1,35.2401,-80.785683,WGS84,Ozone,W,8-HR RUN AVG BEGIN HOUR,Ozone 8-hour 2015,2012-11-24,Parts per million,No Events,17,100.0,Y,0.026529,0.036,10,33.0,047,INSTRUMENTAL - ULTRA VIOLET,Garinger High School,1130 EASTWAY DRIVE,North Carolina,Mecklenburg,Charlotte,16740,"Charlotte-Concord-Gastonia, NC-SC",2024-06-03
37,119,0041,44201,1,35.2401,-80.785683,WGS84,Ozone,W,8-HR RUN AVG BEGIN HOUR,Ozone 8-hour 2015,2012-11-25,Parts per million,No Events,17,100.0,Y,0.020824,0.032,10,30.0,047,INSTRUMENTAL - ULTRA VIOLET,Garinger High School,1130 EASTWAY DRIVE,North Carolina,Mecklenburg,Charlotte,16740,"Charlotte-Concord-Gastonia, NC-SC",2024-06-03
37,119,0041,44201,1,35.2401,-80.785683,WGS84,Ozone,W,8-HR RUN AVG BEGIN HOUR,Ozone 8-hour 2015,2012-11-26,Parts per million,No Events,17,100.0,Y,0.022647,0.039,10,36.0,047,INSTRUMENTAL - ULTRA VIOLET,Garinger High School,1130 EASTWAY DRIVE,North Carolina,Mecklenburg,Charlotte,16740,"Charlotte-Concord-Gastonia, NC-SC",2024-06-03
37,119,0041,44201,1,35.2401,-80.785683,WGS84,Ozone,W,8-HR RUN AVG BEGIN HOUR,Ozone 8-hour 2015,2012-11-27,Parts per million,No Events,17,100.0,Y,0.018235,0.026,8,24.0,047,INSTRUMENTAL - ULTRA VIOLET,Garinger High School,1130 EASTWAY DRIVE,North Carolina,Mecklenburg,Charlotte,16740,"Charlotte-Concord-Gastonia, NC-SC",2024-06-03
37,119,0041,44201,1,35.2401,-80.785683,WGS84,Ozone,W,8-HR RUN AVG BEGIN HOUR,Ozone 8-hour 2015,2012-11-28,Parts per million,No Events,17,100.0,Y,0.012059,0.028,10,26.0,047,INSTRUMENTAL - ULTRA VIOLET,Garinger High School,1130 EASTWAY DRIVE,North Carolina,Mecklenburg,Charlotte,16740,"Charlotte-Concord-Gastonia, NC-SC",2024-06-03
37,119,0041,44201,1,35.2401,-80.785683,WGS84,Ozone,W,8-HR RUN AVG BEGIN HOUR,Ozone 8-hour 2015,2012-11-29,Parts per million,No Events,17,100.0,Y,0.018706,0.035,10,32.0,047,INSTRUMENTAL - ULTRA VIOLET,Garinger High School,1130 EASTWAY DRIVE,North Carolina,Mecklenburg,Charlotte,16740,"Charlotte-Concord-Gastonia, NC-SC",2024-06-03
37,119,0041,44201,1,35.2401,-80.785683,WGS84,Ozone,W,8-HR RUN AVG BEGIN HOUR,Ozone 8-hour 2015,2012-11-30,Parts per million,No Events,17,100.0,Y,0.018765,0.035,10,32.0,047,INSTRUMENTAL - ULTRA VIOLET,Garinger High School,1130 EASTWAY DRIVE,North Carolina,Mecklenburg,Charlotte,16740,"Charlotte-Concord-Gastonia, NC-SC",2024-06-03
37,119,0041,44201,1,35.2401,-80.785683,WGS84,Ozone,W,8-HR RUN AVG BEGIN HOUR,Ozone 8-hour 2015,2012-12-01,Parts per million,No Events,17,100.0,Y,0.016647,0.037,10,34.0,047,INSTRUMENTAL - ULTRA VIOLET,Garinger High School,1130 EASTWAY DRIVE,North Carolina,Mecklenburg,Charlotte,16740,"Charlotte-Concord-Gastonia, NC-SC",2024-06-03
37,119,0041,44201,1,35.2401,-80.785683,WGS84,Ozone,W,8-HR RUN AVG BEGIN HOUR,Ozone 8-hour 2015,2012-12-02,Parts per million,No Events,17,100.0,Y,0.024059,0.037,11,34.0,047,INSTRUMENTAL - ULTRA VIOLET,Garinger High School,1130 EASTWAY DRIVE,North Carolina,Mecklenburg,Charlotte,16740,"Charlotte-Concord-Gastonia, NC-SC",2024-06-03
37,119,0041,44201,1,35.2401,-80.785683,WGS84,Ozone,W,8-HR RUN AVG BEGIN HOUR,Ozone 8-hour 2015,2012-12-03,Parts per million,No Events,17,100.0,Y,0.021765,0.036,10,33.0,047,INSTRUMENTAL - ULTRA VIOLET,Garinger High School,1130 EASTWAY DRIVE,North Carolina,Mecklenburg,Charlotte,16740,"Charlotte-Concord-Gastonia, NC-SC",2024-06-03
37,119,0041,44201,1,35.2401,-80.785683,WGS84,Ozone,W,8-HR RUN AVG BEGIN HOUR,Ozone 8-hour 2015,2012-12-04,Parts per million,No Events,17,100.0,Y,0.027,0.034,12,31.0,047,INSTRUMENTAL - ULTRA VIOLET,Garinger High School,1130 EASTWAY DRIVE,North Carolina,Mecklenburg,Charlotte,16740,"Charlotte-Concord-Gastonia, NC-SC",2024-06-03
37,119,0041,44201,1,35.2401,-80.785683,WGS84,Ozone,W,8-HR RUN AVG BEGIN HOUR,Ozone 8-hour 2015,2012-12-05,Parts per million,No Events,17,100.0,Y,0.018588,0.023,7,21.0,047,INSTRUMENTAL - ULTRA VIOLET,Garinger High School,1130 EASTWAY DRIVE,North Carolina,Mecklenburg,Charlotte,16740,"Charlotte-Concord-Gastonia, NC-SC",2024-06-03
37,119,0041,44201,1,35.2401,-80.785683,WGS84,Ozone,W,8-HR RUN AVG BEGIN HOUR,Ozone 8-hour 2015,2012-12-06,Parts per million,No Events,17,100.0,Y,0.016294,0.019,10,18.0,047,INSTRUMENTAL - ULTRA VIOLET,Garinger High School,1130 EASTWAY DRIVE,North Carolina,Mecklenburg,Charlotte,16740,"Charlotte-Concord-Gastonia, NC-SC",2024-06-03
37,119,0041,44201,1,35.2401,-80.785683,WGS84,Ozone,W,8-HR RUN AVG BEGIN HOUR,Ozone 8-hour 2015,2012-12-07,Parts per million,No Events,17,100.0,Y,0.006,0.011,9,10.0,047,INSTRUMENTAL - ULTRA VIOLET,Garinger High School,1130 EASTWAY DRIVE,North Carolina,Mecklenburg,Charlotte,16740,"Charlotte-Concord-Gastonia, NC-SC",2024-06-03
37,119,0041,44201,1,35.2401,-80.785683,WGS84,Ozone,W,8-HR RUN AVG BEGIN HOUR,Ozone 8-hour 2015,2012-12-08,Parts per million,No Events,17,100.0,Y,0.022647,0.031,12,29.0,047,INSTRUMENTAL - ULTRA VIOLET,Garinger High School,1130 EASTWAY DRIVE,North Carolina,Mecklenburg,Charlotte,16740,"Charlotte-Concord-Gastonia, NC-SC",2024-06-03
37,119,0041,44201,1,35.2401,-80.785683,WGS84,Ozone,W,8-HR RUN AVG BEGIN HOUR,Ozone 8-hour 2015,2012-12-09,Parts per million,No Events,17,100.0,Y,0.011706,0.021,9,19.0,047,INSTRUMENTAL - ULTRA VIOLET,Garinger High School,1130 EASTWAY DRIVE,North Carolina,Mecklenburg,Charlotte,16740,"Charlotte-Concord-Gastonia, NC-SC",2024-06-03
37,119,0041,44201,1,35.2401,-80.785683,WGS84,Ozone,W,8-HR RUN AVG BEGIN HOUR,Ozone 8-hour 2015,2012-12-10,Parts per million,No Events,17,100.0,Y,0.025529,0.031,20,29.0,047,INSTRUMENTAL - ULTRA VIOLET,Garinger High School,1130 EASTWAY DRIVE,North Carolina,Mecklenburg,Charlotte,16740,"Charlotte-Concord-Gastonia, NC-SC",2024-06-03
37,119,0041,44201,1,35.2401,-80.785683,WGS84,Ozone,W,8-HR RUN AVG BEGIN HOUR,Ozone 8-hour 2015,2012-12-11,Parts per million,No Events,17,100.0,Y,0.018412,0.021,12,19.0,047,INSTRUMENTAL - ULTRA VIOLET,Garinger High School,1130 EASTWAY DRIVE,North Carolina,Mecklenburg,Charlotte,16740,"Charlotte-Concord-Gastonia, NC-SC",2024-06-03
37,119,0041,44201,1,35.2401,-80.785683,WGS84,Ozone,W,8-HR RUN AVG BEGIN HOUR,Ozone 8-hour 2015,2012-12-12,Parts per million,No Events,17,100.0,Y,0.011235,0.016,22,15.0,047,INSTRUMENTAL - ULTRA VIOLET,Garinger High School,1130 EASTWAY DRIVE,North Carolina,Mecklenburg,Charlotte,16740,"Charlotte-Concord-Gastonia, NC-SC",2024-06-03
37,119,0041,44201,1,35.2401,-80.785683,WGS84,Ozone,W,8-HR RUN AVG BEGIN HOUR,Ozone 8-hour 2015,2012-12-13,Parts per million,No Events,17,100.0,Y,0.011353,0.026,10,24.0,047,INSTRUMENTAL - ULTRA VIOLET,Garinger High School,1130 EASTWAY DRIVE,North Carolina,Mecklenburg,Charlotte,16740,"Charlotte-Concord-Gastonia, NC-SC",2024-06-03
37,119,0041,44201,1,35.2401,-80.785683,WGS84,Ozone,W,8-HR RUN AVG BEGIN HOUR,Ozone 8-hour 2015,2012-12-14,Parts per million,No Events,17,100.0,Y,0.007353,0.017,9,16.0,047,INSTRUMENTAL - ULTRA VIOLET,Garinger High School,1130 EASTWAY DRIVE,North Carolina,Mecklenburg,Charlotte,16740,"Charlotte-Concord-Gastonia, NC-SC",2024-06-03
37,119,0041,44201,1,35.2401,-80.785683,WGS84,Ozone,W,8-HR RUN AVG BEGIN HOUR,Ozone 8-hour 2015,2012-12-15,Parts per million,No Events,17,100.0,Y,0.018706,0.029,11,27.0,047,INSTRUMENTAL - ULTRA VIOLET,Garinger High School,1130 EASTWAY DRIVE,North Carolina,Mecklenburg,Charlotte,16740,"Charlotte-Concord-Gastonia, NC-SC",2024-06-03
37,119,0041,44201,1,35.2401,-80.785683,WGS84,Ozone,W,8-HR RUN AVG BEGIN HOUR,Ozone 8-hour 2015,2012-12-19,Parts per million,No Events,17,100.0,Y,0.014588,0.032,10,30.0,047,INSTRUMENTAL - ULTRA VIOLET,Garinger High School,1130 EASTWAY DRIVE,North Carolina,Mecklenburg,Charlotte,16740,"Charlotte-Concord-Gastonia, NC-SC",2024-06-03
37,119,0041,44201,1,35.2401,-80.785683,WGS84,Ozone,W,8-HR RUN AVG BEGIN HOUR,Ozone 8-hour 2015,2012-12-16,Parts per million,No Events,17,100.0,Y,0.012412,0.018,7,17.0,047,INSTRUMENTAL - ULTRA VIOLET,Garinger High School,1130 EASTWAY DRIVE,North Carolina,Mecklenburg,Charlotte,16740,"Charlotte-Concord-Gastonia, NC-SC",2024-06-03
37,119,0041,44201,1,35.2401,-80.785683,WGS84,Ozone,W,8-HR RUN AVG BEGIN HOUR,Ozone 8-hour 2015,2012-12-17,Parts per million,No Events,17,100.0,Y,0.021235,0.023,17,21.0,047,INSTRUMENTAL - ULTRA VIOLET,Garinger High School,1130 EASTWAY DRIVE,North Carolina,Mecklenburg,Charlotte,16740,"Charlotte-Concord-Gastonia, NC-SC",2024-06-03
37,119,0041,44201,1,35.2401,-80.785683,WGS84,Ozone,W,8-HR RUN AVG BEGIN HOUR,Ozone 8-hour 2015,2012-12-18,Parts per million,No Events,17,100.0,Y,0.019765,0.033,9,31.0,047,INSTRUMENTAL - ULTRA VIOLET,Garinger High School,1130 EASTWAY DRIVE,North Carolina,Mecklenburg,Charlotte,16740,"Charlotte-Concord-Gastonia, NC-SC",2024-06-03
37,119,0041,44201,1,35.2401,-80.785683,WGS84,Ozone,W,8-HR RUN AVG BEGIN HOUR,Ozone 8-hour 2015,2012-12-20,Parts per million,No Events,17,100.0,Y,0.020647,0.024,23,22.0,047,INSTRUMENTAL - ULTRA VIOLET,Garinger High School,1130 EASTWAY DRIVE,North Carolina,Mecklenburg,Charlotte,16740,"Charlotte-Concord-Gastonia, NC-SC",2024-06-03
37,119,0041,44201,1,35.2401,-80.785683,WGS84,Ozone,W,8-HR RUN AVG BEGIN HOUR,Ozone 8-hour 2015,2012-12-21,Parts per million,No Events,17,100.0,Y,0.029529,0.031,8,29.0,047,INSTRUMENTAL - ULTRA VIOLET,Garinger High School,1130 EASTWAY DRIVE,North Carolina,Mecklenburg,Charlotte,16740,"Charlotte-Concord-Gastonia, NC-SC",2024-06-03
37,119,0041,44201,1,35.2401,-80.785683,WGS84,Ozone,W,8-HR RUN AVG BEGIN HOUR,Ozone 8-hour 2015,2012-12-22,Parts per million,No Events,17,100.0,Y,0.022294,0.036,9,33.0,047,INSTRUMENTAL - ULTRA VIOLET,Garinger High School,1130 EASTWAY DRIVE,North Carolina,Mecklenburg,Charlotte,16740,"Charlotte-Concord-Gastonia, NC-SC",2024-06-03
37,119,0041,44201,1,35.2401,-80.785683,WGS84,Ozone,W,8-HR RUN AVG BEGIN HOUR,Ozone 8-hour 2015,2012-12-23,Parts per million,No Events,17,100.0,Y,0.026294,0.031,10,29.0,047,INSTRUMENTAL - ULTRA VIOLET,Garinger High School,1130 EASTWAY DRIVE,North Carolina,Mecklenburg,Charlotte,16740,"Charlotte-Concord-Gastonia, NC-SC",2024-06-03
37,119,0041,44201,1,35.2401,-80.785683,WGS84,Ozone,W,8-HR RUN AVG BEGIN HOUR,Ozone 8-hour 2015,2012-12-24,Parts per million,No Events,17,100.0,Y,0.022412,0.025,13,23.0,047,INSTRUMENTAL - ULTRA VIOLET,Garinger High School,1130 EASTWAY DRIVE,North Carolina,Mecklenburg,Charlotte,16740,"Charlotte-Concord-Gastonia, NC-SC",2024-06-03
37,119,0041,44201,1,35.2401,-80.785683,WGS84,Ozone,W,8-HR RUN AVG BEGIN HOUR,Ozone 8-hour 2015,2012-12-25,Parts per million,No Events,17,100.0,Y,0.025765,0.031,9,29.0,047,INSTRUMENTAL - ULTRA VIOLET,Garinger High School,1130 EASTWAY DRIVE,North Carolina,Mecklenburg,Charlotte,16740,"Charlotte-Concord-Gastonia, NC-SC",2024-06-03
37,119,0041,44201,1,35.2401,-80.785683,WGS84,Ozone,W,8-HR RUN AVG BEGIN HOUR,Ozone 8-hour 2015,2012-12-26,Parts per million,No Events,17,100.0,Y,0.015118,0.022,7,20.0,047,INSTRUMENTAL - ULTRA VIOLET,Garinger High School,1130 EASTWAY DRIVE,North Carolina,Mecklenburg,Charlotte,16740,"Charlotte-Concord-Gastonia, NC-SC",2024-06-03
37,119,0041,44201,1,35.2401,-80.785683,WGS84,Ozone,W,8-HR RUN AVG BEGIN HOUR,Ozone 8-hour 2015,2012-12-27,Parts per million,No Events,17,100.0,Y,0.023353,0.029,10,27.0,047,INSTRUMENTAL - ULTRA VIOLET,Garinger High School,1130 EASTWAY DRIVE,North Carolina,Mecklenburg,Charlotte,16740,"Charlotte-Concord-Gastonia, NC-SC",2024-06-03
37,119,0041,44201,1,35.2401,-80.785683,WGS84,Ozone,W,8-HR RUN AVG BEGIN HOUR,Ozone 8-hour 2015,2012-12-28,Parts per million,No Events,17,100.0,Y,0.015,0.026,9,24.0,047,INSTRUMENTAL - ULTRA VIOLET,Garinger High School,1130 EASTWAY DRIVE,North Carolina,Mecklenburg,Charlotte,16740,"Charlotte-Concord-Gastonia, NC-SC",2024-06-03
37,119,0041,44201,1,35.2401,-80.785683,WGS84,Ozone,W,8-HR RUN AVG BEGIN HOUR,Ozone 8-hour 2015,2012-12-29,Parts per million,No Events,17,100.0,Y,0.023941,0.029,13,27.0,047,INSTRUMENTAL - ULTRA VIOLET,Garinger High School,1130 EASTWAY DRIVE,North Carolina,Mecklenburg,Charlotte,16740,"Charlotte-Concord-Gastonia, NC-SC",2024-06-03
37,119,0041,44201,1,35.2401,-80.785683,WGS84,Ozone,W,8-HR RUN AVG BEGIN HOUR,Ozone 8-hour 2015,2012-12-30,Parts per million,No Events,17,100.0,Y,0.016059,0.034,10,31.0,047,INSTRUMENTAL - ULTRA VIOLET,Garinger High School,1130 EASTWAY DRIVE,North Carolina,Mecklenburg,Charlotte,16740,"Charlotte-Concord-Gastonia, NC-SC",2024-06-03
37,119,0041,44201,1,35.2401,-80.785683,WGS84,Ozone,W,8-HR RUN AVG BEGIN HOUR,Ozone 8-hour 2015,2012-12-31,Parts per million,No Events,12,71.0,N,0.029167,0.033,10,31.0,047,INSTRUMENTAL - ULTRA VIOLET,Garinger High School,1130 EASTWAY DRIVE,North Carolina,Mecklenburg,Charlotte,16740,"Charlotte-Concord-Gastonia, NC-SC",2024-06-03
